index,closePrice,highPrice,lowPrice,openPrice,totalValue,totalVolume,vwap,bcClosePrice,ret,retLog,retVar,retSkr,retKur,retAc,retBc,corrBc,label,label5,retTrackBc,ma5,ma10,ma20,maDiff20,maDiff10,priceAmp,sIndicator,index,spread_max,spread_min,spread_mean,spread_std,lastPrice_max,lastPrice_min,lastPrice_mean,lastPrice_std,midPrice_max,midPrice_min,midPrice_mean,midPrice_std,trackError_max,trackError_std,midSpread_z_score_,deal_sum,volumePerDeal_max,volumePerDeal_min,volumePerDeal_mean,volumePerDeal_std,valuePerDeal_max,valuePerDeal_min,valuePerDeal_mean,valuePerDeal_std,volumePerDeal,valuePerDeal
1.0,0.6932390108114254,0.6931202048243209,0.6944130074137884,0.6936979704354714,-0.0028946774641491575,-0.03727827542365542,0.6935513513964919,0.9070572354814892,-0.01961277473427035,-0.01961175506082994,-0.009472059147901241,0.04099534155365074,0.07561138351367948,-0.04097360059479211,-0.020094483726638666,0.2879247532350224,-0.01961277473427035,-0.06010723144107873,-0.015729173542054983,0.6944478550633716,0.6960490543593618,0.6993669733658187,-0.101512016936926,-0.06464929001547126,-0.0395678545815415,-0.08568123806048003,0.04145143437895363,0.17628969869537475,0.0158340724254715,0.11420672108189707,0.01801463861333062,0.6926211980642658,0.6938251256756005,0.693086881740699,0.014308789640220856,0.692819175011714,0.6937569634028331,0.693274931605532,0.08861863150930464,-0.22604224998938763,-0.0645248763845685,0.02965874253544861,0.07307582951331189,-0.01974697649206379,-0.019109557224883913,-0.019491495029250815,-0.03396046196993764,0.18796229225191144,0.18927560331517043,0.18856897415453835,3.1876816152774755e-05,-0.03929266244984492,-0.006648186258048385
0.6932390108114254,1.0,0.999886477120899,0.9998567330530274,0.9997342980643215,0.13370673958961468,0.07700435346296382,0.999911258348513,0.7758435718664575,0.014636391889988538,0.014517466468401635,0.15544390952211684,0.17922357814175915,0.16049926678455317,-0.06477657541229653,0.01799537145857239,0.13448595780496708,0.014636391889988538,-0.027994815058457814,0.011042492987801295,0.9997030790457994,0.9993167938207509,0.9985786177990609,0.04914258623358003,0.040536495084350636,0.041460298855956215,-0.11745641112200049,0.040171178556037794,0.18823417659466932,-0.04171468634509753,0.09093300682209475,0.07068151011508665,0.9998487889389512,0.9998625423142864,0.9999094379877106,0.11170308967508302,0.9998637603058953,0.9998765248012783,0.9999073572369522,0.2051081539441808,0.1891702009614048,0.0066414472237517055,-0.04707180469319925,0.22878378467342655,0.07756155767962308,0.07861749355348946,0.07807271781413357,-0.0234058323422677,0.35787298189277844,0.3598083510026065,0.35884556053385347,0.022918458756528357,-0.020684371209700358,0.025320006878193278
0.6931202048243209,0.999886477120899,1.0,0.9998172909785427,0.999847390336275,0.13672129965307933,0.07998890962524391,0.9999359826675649,0.7758167163510836,0.005123759132851081,0.0049933698191763016,0.15883805505551438,0.180224437393994,0.16025020725324293,-0.06484143670792589,0.01529861801129382,0.13554979339502388,0.005123759132851081,-0.027201310740213754,0.0017784572876542511,0.9997554856630098,0.9993868930402308,0.9986505807258458,0.04867837557807256,0.03965931176766215,0.04954617231671551,-0.11499594521692158,0.038595648040166,0.1879918263355029,-0.045366314592884885,0.0878655036761985,0.07417713841268826,0.9997954461427604,0.9997504961912772,0.9998263485809251,0.11449677213164575,0.9998099689643504,0.999776245037512,0.9998312176078497,0.20746293435037666,0.18874643915041422,0.009541280171369966,-0.04500197504058138,0.2279103518001889,0.07846545650604239,0.0795083287470917,0.07896811497011605,-0.022717760669486248,0.3587631735511043,0.3606853977571556,0.35972725184722704,0.023608964437078384,-0.01738005748884097,0.02864993632077169
0.6944130074137884,0.9998567330530274,0.9998172909785427,1.0,0.9998679430665086,0.12785167853641702,0.07124798014145,0.9999375983834305,0.7771683951236197,0.0031714802140653617,0.0030646691311698076,0.15197931970989778,0.1780670804822186,0.1602695508005436,-0.06537658616368981,0.014706384594087334,0.13451929459085743,0.0031714802140653617,-0.026782273694686824,-0.00011380793670113639,0.9997859845929346,0.9994495171392316,0.9987478647810248,0.04708976410505484,0.03806519323625477,0.030497142234015548,-0.12142520626071888,0.04103992186859258,0.18975878408301974,-0.03657556431146565,0.09567948983398114,0.06599994668499559,0.9996957509347347,0.9998164201039281,0.9998037610786323,0.10644377677789478,0.9997245270249814,0.9998246893850676,0.9998117198625956,0.20040701454689208,0.18570748629897252,0.001318628412862954,-0.044316120254486314,0.22905102979086955,0.07552198236307855,0.07660554347469596,0.07604131621754734,-0.0251062987241741,0.3559705927200161,0.35793542057737465,0.35695247453159257,0.02117674126444834,-0.024756942919250263,0.021176534745852973
0.6936979704354714,0.9997342980643215,0.999847390336275,0.9998679430665086,1.0,0.13086202313500428,0.07420110475617461,0.9998938913247862,0.776499685666359,-0.006267629221633272,-0.006385947902642318,0.15517035208548488,0.17831031446357176,0.15973595609300018,-0.06533679891979019,0.011473914394875037,0.13486559104709914,-0.006267629221633272,-0.026858976781456014,-0.009177155515766785,0.9998262703741986,0.9994935541266864,0.9987717951045008,0.04747987908124917,0.03787983516794353,0.03893266110901935,-0.11884579718860613,0.03991886401236363,0.18922842542183316,-0.04132206648239933,0.09178203303761633,0.07036223809467103,0.9996075807344471,0.9996471146455649,0.9996792101731882,0.110271490971812,0.9996322487092941,0.9996684802180856,0.9996898277840849,0.20372879394984147,0.1860126312284374,0.0051924523236225656,-0.04320763631390889,0.22859393906213968,0.07694705116869391,0.07802278323992047,0.07746234502494057,-0.024383909233724202,0.3573333370038838,0.35928952132439734,0.3583107315197339,0.021907116546446753,-0.02195040481874223,0.02400406345078188
-0.0028946774641491575,0.13370673958961468,0.13672129965307933,0.12785167853641702,0.13086202313500428,1.0,0.9964309269231295,0.13236309759569434,0.01807149722888464,0.1322103040893006,0.13149718147326192,0.2375432190386353,0.0977196082485626,-0.027679296482529626,0.015238611553565711,0.03419624699368437,-0.05526071233538879,0.1322103040893006,0.07449970458993689,0.12951694938108843,0.12899061851967744,0.1259309768342501,0.12138875385817637,0.18379070319016752,0.15464403392264406,0.46958896690374535,-0.11859607904212711,-0.08655567672985323,0.07094391025066316,-0.2036892491796676,-0.08380123110384295,0.1948656746646867,0.1367975022951337,0.1311382990063573,0.13421150216375177,0.2682328316816999,0.1367244819676528,0.13115338754772776,0.13411666187304053,0.3112342591316514,0.2769164368849525,0.25805278336879667,-0.03210403496561178,0.13946438155830257,0.31455240304326526,0.30989795715649615,0.31253786302288633,0.26793514189454753,0.323278645396768,0.3185602101548633,0.32121466193124965,0.2742747171946265,0.7141923022499315,0.7225327132119801
-0.03727827542365542,0.07700435346296382,0.07998890962524391,0.07124798014145,0.07420110475617461,0.9964309269231295,1.0,0.0756965486219555,-0.018317658106579846,0.13140810594245728,0.13071464375906564,0.22294648068559333,0.08792528312253323,-0.03457100050830338,0.020739975273617272,0.033463675463559744,-0.06569474294902512,0.13140810594245728,0.07748704143975069,0.12885287889745548,0.07230864455537715,0.0692414558895317,0.0646469649508946,0.18394500175796955,0.1538075763614817,0.4623157765061689,-0.11942804131935597,-0.08626345117708788,0.06853535618747203,-0.19650711199179297,-0.08192059141694236,0.1876290730070455,0.08007893194683495,0.074510804181005,0.07752035567556023,0.25705568141670976,0.08001378497400286,0.07449689108627623,0.07742926135825258,0.2961525464877989,0.2675203016777259,0.2533804773518833,-0.029323902662534977,0.13253161198598465,0.31835532916671866,0.3136473286625656,0.3163326187062739,0.2719005672095029,0.3095338328259969,0.30472646109890056,0.30744120566180455,0.27446688872351127,0.7185615723083004,0.7214229899579001
0.6935513513964919,0.999911258348513,0.9999359826675649,0.9999375983834305,0.9998938913247862,0.13236309759569434,0.0756965486219555,1.0,0.7760825128313504,0.004052735255004052,0.003934500805202101,0.1555951595225118,0.1792378179474903,0.1602512933867096,-0.06503564377833315,0.01507270399046113,0.13492145012271287,0.004052735255004052,-0.026764567373993704,0.0007173985550199232,0.9997955980842642,0.9994207811448711,0.9986763561348326,0.049020453461030206,0.03996915879589616,0.0399242719532728,-0.1183510812541728,0.040043929976297944,0.18914072460715917,-0.04102620019675814,0.09182584995047738,0.07016422098048852,0.9997876592712567,0.9998217148187594,0.9998576085935339,0.11066354493279901,0.9998091785178888,0.9998400040257965,0.9998632631219093,0.20410550701029423,0.1882458177931869,0.005626291567992047,-0.04471610934325133,0.22869740958096657,0.07746864990460375,0.07853467146218454,0.07798199991199763,-0.023878612282408743,0.3577989604205017,0.3597449681704613,0.35877412654587976,0.022419999001365525,-0.021162731750446178,0.024811645530082506
0.9070572354814892,0.7758435718664575,0.7758167163510836,0.7771683951236197,0.776499685666359,0.01807149722888464,-0.018317658106579846,0.7760825128313504,1.0,-0.02505068125913521,-0.025053121805474424,-0.0052733937263851425,0.08250579241833127,0.10909240903965446,-0.054393630815577694,-0.005315252537585155,0.24958386591230378,-0.02505068125913521,-0.08307170137173249,-0.024810355363322465,0.7773042658574518,0.779070777994056,0.7826434017096374,-0.1096520509549261,-0.07108544512906735,-0.0386950470611333,-0.11339563165402461,0.01233339260293851,0.19731818442192525,0.024842373964091478,0.14105822633422185,0.009111743857833858,0.7751253458121532,0.7764119065016449,0.7755304482256873,0.014947169043458846,0.7753356771054445,0.7763285591833079,0.7757945482673515,0.1011069263634195,-0.22800265040070486,-0.0729311376481924,0.04289627413073757,0.13111930920697548,-0.12138877175583226,-0.12162247310301721,-0.12155620616739582,-0.02920379124162945,0.10587405478615448,0.1064473842017008,0.10612468062710205,0.006960496434672017,-0.042032047207936685,-0.0076896957504709665
-0.01961277473427035,0.014636391889988538,0.005123759132851081,0.0031714802140653617,-0.006267629221633272,0.1322103040893006,0.13140810594245728,0.004052735255004052,-0.02505068125913521,1.0,0.9999982311482299,0.014291645795223585,0.023349901146678006,0.024777747294203786,0.02070226284495627,0.27911057036029896,0.00037843733451844855,1.0,-0.04991733474113554,0.9748828056586835,-0.0028466875891755084,-0.004784552985556647,-0.004991714829314625,0.050981755392250964,0.09613944669743398,0.09842562773547626,0.06639632940652368,0.004481782549641612,-0.040806416206482024,-0.026237159836673615,-0.03160220636417897,0.020478011452544888,0.013644066802180478,0.012350721043369189,0.01309928053129221,0.06868631910688403,0.013268142556647508,0.011986736015755754,0.012530982738644317,0.07418964265329141,0.13408515205448854,0.06807520888230813,-0.17407735085597575,0.006285532452304368,0.031072155746192435,0.029718307035828936,0.030644717934936408,0.06491373166124759,0.028128639150505834,0.026736102920644995,0.027673942254875177,0.06646406687990926,0.057605573191096715,0.05950972821343814
-0.01961175506082994,0.014517466468401635,0.0049933698191763016,0.0030646691311698076,-0.006385947902642318,0.13149718147326192,0.13071464375906564,0.003934500805202101,-0.025053121805474424,0.9999982311482299,1.0,0.01369369284104277,0.02305247815629129,0.024677283383796784,0.02066776783668578,0.2791616528359531,0.00029189673715107975,0.9999982311482299,-0.04989000140250244,0.9748691188709341,-0.0029618103993043028,-0.004897371714983405,-0.005102716946278576,0.05088111708622223,0.09602260682656165,0.09720294067675048,0.06557740830188472,0.004637272409298043,-0.04070391697131871,-0.025793415975369233,-0.031216083980663924,0.020070237569656587,0.013520294064823832,0.012237215521069442,0.012980282537867706,0.06816672401594562,0.01314468455987849,0.011872536240402673,0.012412060221664896,0.0736569608919752,0.1338746223726128,0.06755956864835924,-0.17407307998244642,0.00633516987132777,0.030846609572907472,0.02949527392540167,0.030420059876493516,0.06475000537470356,0.02788039389856247,0.0264904109176522,0.02742660871711942,0.06629253051918406,0.05705165743145743,0.058942408132424746
-0.009472059147901241,0.15544390952211684,0.15883805505551438,0.15197931970989778,0.15517035208548488,0.2375432190386353,0.22294648068559333,0.1555951595225118,-0.0052733937263851425,0.014291645795223585,0.01369369284104277,1.0,0.3421084612549997,0.07830285783789497,0.049597232141428124,0.029323999492624316,0.16263950390027165,0.014291645795223585,0.012509875578509591,0.008056573747331769,0.1546880152156731,0.15383773621062724,0.1504529777803212,0.10424524772019333,0.045515057628715216,0.36288646071379776,0.10979704981571775,-0.3276547798884743,-0.007123398620122396,-0.2427939737406206,-0.18235072048819498,0.2283835912515168,0.1582217776232069,0.1527733609998945,0.15563167489730306,0.2817942206779674,0.1579480933050746,0.15296259721311264,0.1555256429697748,0.29786537165909066,0.2372675570304036,0.2722993380067829,-0.0358352804211502,-0.1621965155338641,0.3680870944773688,0.3650591883316371,0.36658136083838805,0.22212044282956173,0.3977855579386713,0.39473242826716787,0.3962802278298645,0.23208811656996212,0.3257433651360837,0.3365711406798006
0.04099534155365074,0.17922357814175915,0.180224437393994,0.1780670804822186,0.17831031446357176,0.0977196082485626,0.08792528312253323,0.1792378179474903,0.08250579241833127,0.023349901146678006,0.02305247815629129,0.3421084612549997,1.0,0.2811364608444327,0.024210606502321028,0.01729333257229198,0.0020699401365973894,0.023349901146678006,-0.04846251943715759,0.020264046812830564,0.17797560214578625,0.17615090788254045,0.1709734311044669,0.17061650339978887,0.0943849398332529,0.1157423985238998,0.011363131675822938,-0.013567620735097262,-0.0003162342505625999,-0.06376686569328331,-0.04277510077787921,0.05867885834342482,0.17977065978385454,0.17825259658131595,0.1789830449888532,0.0910338506387601,0.17939879481551313,0.17806607077695355,0.1786942890094534,0.104619526074912,0.1825353634633993,0.07504239454020335,-0.07051303449873422,0.012115626390427183,0.07583795876591336,0.07656562979692638,0.0762141945553846,-0.007920149885322119,0.11639593994945754,0.11723250973583499,0.11682924483365995,-0.0014392148859236986,0.04456060239568258,0.053239431478077186
0.07561138351367948,0.16049926678455317,0.16025020725324293,0.1602695508005436,0.15973595609300018,-0.027679296482529626,-0.03457100050830338,0.1602512933867096,0.10909240903965446,0.024777747294203786,0.024677283383796784,0.07830285783789497,0.2811364608444327,1.0,-0.03868183559166681,0.03942590309601512,0.043796229654049654,0.024777747294203786,0.03226319445044382,0.016615125921454678,0.15987321039504704,0.15976910064314742,0.15924009169324257,0.018646014928179442,0.008584222659974761,0.007086921689593134,-0.036084066636943586,0.11804609530640703,0.007282708978912801,-0.02001529389570695,-0.016973284717663937,0.02077520175843044,0.16074746119603478,0.1608442024461725,0.16078285621756236,0.016789730030016086,0.16052949810116815,0.160802677320654,0.1606874758767491,0.015235919142354448,0.046319541191037136,0.0034691630317265736,-0.022994323518477622,0.08625012926943092,-0.016337518287027855,-0.01416519721925497,-0.01519724357822644,-0.08960280788735335,0.03150211267168631,0.03386721857965104,0.03274082584893097,-0.08511013311496683,-0.07662859143064964,-0.07365810008585079
-0.04097360059479211,-0.06477657541229653,-0.06484143670792589,-0.06537658616368981,-0.06533679891979019,0.015238611553565711,0.020739975273617272,-0.06503564377833315,-0.054393630815577694,0.02070226284495627,0.02066776783668578,0.049597232141428124,0.024210606502321028,-0.03868183559166681,1.0,0.012088120442398192,0.016603138603178243,0.02070226284495627,0.04397162505248114,0.0187187881466681,-0.06578981390910763,-0.06678425994788065,-0.06827224148694991,0.05760160089737669,0.047960966401148664,0.025661262706055087,0.04453721041648012,-0.09636722321353011,-0.01820685675176499,-0.010481652168045296,-0.021605463034519556,0.004998507430005009,-0.06466102859456797,-0.06496748860764692,-0.06482430335663732,0.0037722811944453168,-0.06470782765225425,-0.06508208201825856,-0.06487544916658233,0.0009833702077323354,0.039215322633366766,0.013144310632125953,-0.0019158192941602608,-0.08989253356611829,-0.029329223772661974,-0.029551861075717206,-0.029482907098486173,-0.002842475125292669,-0.04817717959380361,-0.048441528125316616,-0.04835024423084938,-0.006157870764903429,0.0331303675051588,0.030268842255870745
-0.020094483726638666,0.01799537145857239,0.01529861801129382,0.014706384594087334,0.011473914394875037,0.03419624699368437,0.033463675463559744,0.01507270399046113,-0.005315252537585155,0.27911057036029896,0.2791616528359531,0.029323999492624316,0.01729333257229198,0.03942590309601512,0.012088120442398192,1.0,0.008914590251387485,0.27911057036029896,0.005863342868901631,0.05823269086708411,0.011334411913160501,0.00942893231197368,0.00847851761723398,0.06821587044409479,0.09483474194385218,0.02965950620970595,0.007559756539328362,0.0009760072648498524,-0.009303450448052619,-0.010354810975188866,-0.01851777866675823,0.007022171332156545,0.01877257816112032,0.018501324062419614,0.0187759284982165,0.015694826806257983,0.018475663293724864,0.01838319714653338,0.018533255413481248,0.011234705579599519,0.09398392474722832,0.017436700998401604,-0.08541160358044941,-0.00664529694929976,0.0034585496120924644,0.0030569733069261457,0.003309536700101573,0.02411082802765561,0.0057049316246634086,0.005291668588468126,0.00556134981392286,0.025648578577249493,0.024409919369617627,0.025120948944248184
0.2879247532350224,0.13448595780496708,0.13554979339502388,0.13451929459085743,0.13486559104709914,-0.05526071233538879,-0.06569474294902512,0.13492145012271287,0.24958386591230378,0.00037843733451844855,0.00029189673715107975,0.16263950390027165,0.0020699401365973894,0.043796229654049654,0.016603138603178243,0.008914590251387485,1.0,0.00037843733451844855,0.0006145230501886449,-0.001674182463581355,0.1347647704539591,0.13574669445853962,0.1382293667477712,-0.07943002936810825,-0.04586557429331299,0.0654802388097562,0.016603646966438356,-0.13503259656099487,0.04334601746556718,-0.0682676646908836,-0.04253650832299474,0.08135978551347789,0.13558161662673746,0.13459429537016407,0.1349909575114831,0.06228872627891664,0.13555546669911991,0.13476952005825799,0.13512440938128778,0.0712066983758301,-0.22318679241735181,0.04945639121256011,0.04034147817413607,-0.1419209770616844,-0.16587826813058937,-0.16914339743899015,-0.16752172860072762,0.07416936603513359,-0.10480981792545369,-0.10764840560409526,-0.10624044491350461,0.0796991731738696,0.08706500162705652,0.09149006711863408
-0.01961277473427035,0.014636391889988538,0.005123759132851081,0.0031714802140653617,-0.006267629221633272,0.1322103040893006,0.13140810594245728,0.004052735255004052,-0.02505068125913521,1.0,0.9999982311482299,0.014291645795223585,0.023349901146678006,0.024777747294203786,0.02070226284495627,0.27911057036029896,0.00037843733451844855,1.0,-0.04991733474113554,0.9748828056586835,-0.0028466875891755084,-0.004784552985556647,-0.004991714829314625,0.050981755392250964,0.09613944669743398,0.09842562773547626,0.06639632940652368,0.004481782549641612,-0.040806416206482024,-0.026237159836673615,-0.03160220636417897,0.020478011452544888,0.013644066802180478,0.012350721043369189,0.01309928053129221,0.06868631910688403,0.013268142556647508,0.011986736015755754,0.012530982738644317,0.07418964265329141,0.13408515205448854,0.06807520888230813,-0.17407735085597575,0.006285532452304368,0.031072155746192435,0.029718307035828936,0.030644717934936408,0.06491373166124759,0.028128639150505834,0.026736102920644995,0.027673942254875177,0.06646406687990926,0.057605573191096715,0.05950972821343814
-0.06010723144107873,-0.027994815058457814,-0.027201310740213754,-0.026782273694686824,-0.026858976781456014,0.07449970458993689,0.07748704143975069,-0.026764567373993704,-0.08307170137173249,-0.04991733474113554,-0.04989000140250244,0.012509875578509591,-0.04846251943715759,0.03226319445044382,0.04397162505248114,0.005863342868901631,0.0006145230501886449,-0.04991733474113554,1.0,-0.05325490643594438,-0.027206623493462093,-0.026923486859038864,-0.025709519983158385,-0.03623593187117961,-0.014636895649825045,-0.018767587772796728,-0.012073494983858582,0.004887033282708551,0.03992311431413937,0.010145374599142661,0.012055223740226495,0.0028901919149765623,-0.022106288681955712,-0.022567178349596,-0.02255077645359838,0.022730576987230185,-0.022070902781263765,-0.022501984226423286,-0.02240742620710131,0.02264983024694999,0.05079691224470635,0.019673092154098744,0.047190559866072575,0.00587952091430004,0.06692921915770947,0.06580617792902539,0.06629260903731589,0.06328996319077393,0.05599660699894424,0.05478367050801395,0.055305421858141225,0.0636806068708675,0.04927388581428022,0.047574480685712565
-0.015729173542054983,0.011042492987801295,0.0017784572876542511,-0.00011380793670113639,-0.009177155515766785,0.12951694938108843,0.12885287889745548,0.0007173985550199232,-0.024810355363322465,0.9748828056586835,0.9748691188709341,0.008056573747331769,0.020264046812830564,0.016615125921454678,0.0187187881466681,0.05823269086708411,-0.001674182463581355,0.9748828056586835,-0.05325490643594438,1.0,-0.005588325515231856,-0.007161017323727228,-0.007155951393039813,0.037179873671904784,0.07795277698411991,0.0954460059372031,0.06727347718449633,0.004432973210669682,-0.040265303652995486,-0.024874986304761388,-0.028559303460709277,0.019660627377874863,0.009830591334203635,0.008548918639117711,0.009263444358552251,0.06776737863641302,0.009508638713331678,0.008197910917782759,0.008728916016607222,0.07452319781819386,0.11759917112276815,0.06672805406579078,-0.1611640312794691,0.008075838625960155,0.03150102787587916,0.030186681579906744,0.031091217032993126,0.06189335447744239,0.027919876935467432,0.02656802094833632,0.027480467375833657,0.0631484522696489,0.054226287373120206,0.05604096901608472
0.6944478550633716,0.9997030790457994,0.9997554856630098,0.9997859845929346,0.9998262703741986,0.12899061851967744,0.07230864455537715,0.9997955980842642,0.7773042658574518,-0.0028466875891755084,-0.0029618103993043028,0.1546880152156731,0.17797560214578625,0.15987321039504704,-0.06578981390910763,0.011334411913160501,0.1347647704539591,-0.0028466875891755084,-0.027206623493462093,-0.005588325515231856,1.0,0.9997972880151239,0.9991183532543629,0.04337094596562272,0.03142982480584147,0.03836529729355992,-0.11876519806268475,0.04006090205974523,0.1894067688204668,-0.04105499520805395,0.09183314820398703,0.07031860153217417,0.9995682833573555,0.9996194569846748,0.9996420657903539,0.10973886307593334,0.9995939296810199,0.9996431101139309,0.9996552424659861,0.20306132764889548,0.18318100396391143,0.0046099363691779836,-0.042830299767095466,0.2286375882909287,0.07622128722440942,0.07730962995355008,0.07674342740277455,-0.02509451894898655,0.3567584373233723,0.3587279120926677,0.35774301742187453,0.02121549738419627,-0.022866219470189766,0.023084645831870643
0.6960490543593618,0.9993167938207509,0.9993868930402308,0.9994495171392316,0.9994935541266864,0.1259309768342501,0.0692414558895317,0.9994207811448711,0.779070777994056,-0.004784552985556647,-0.004897371714983405,0.15383773621062724,0.17615090788254045,0.15976910064314742,-0.06678425994788065,0.00942893231197368,0.13574669445853962,-0.004784552985556647,-0.026923486859038864,-0.007161017323727228,0.9997972880151239,1.0,0.9995961354030333,0.027172599367763124,0.011299278423959322,0.03669072025377531,-0.11905251610477122,0.039895502282422834,0.1896108354871655,-0.04036886003494442,0.0924530052982315,0.06989439326187712,0.9991832769267938,0.9992580191534836,0.9992626007218297,0.10855241088988565,0.999211482813188,0.9992837152079935,0.9992826400505972,0.20171771012288092,0.17603630671547674,0.00331241151766618,-0.041032635790964375,0.22844901552693264,0.0747089444841228,0.07581638238199993,0.07523899869446438,-0.026365331835352637,0.35550359207797844,0.3574944329502454,0.3564972997269308,0.0199170372709354,-0.024332160664204613,0.021585234116592283
0.6993669733658187,0.9985786177990609,0.9986505807258458,0.9987478647810248,0.9987717951045008,0.12138875385817637,0.0646469649508946,0.9986763561348326,0.7826434017096374,-0.004991714829314625,-0.005102716946278576,0.1504529777803212,0.1709734311044669,0.15924009169324257,-0.06827224148694991,0.00847851761723398,0.1382293667477712,-0.004991714829314625,-0.025709519983158385,-0.007155951393039813,0.9991183532543629,0.9995961354030333,1.0,0.001389880016342811,-0.0023703687147969173,0.03478544382335627,-0.11867885370817706,0.03931477675469313,0.18946954601690938,-0.03949821773319838,0.09309061736182582,0.06938567040540587,0.998452098169035,0.9985594697134289,0.9985415303526781,0.10680525784707447,0.9984833482603593,0.998590893850958,0.9985699808643684,0.19991336536729792,0.16278867260889482,0.0013530682447675053,-0.03869323826291436,0.22784674944063293,0.071202334227317,0.07231729482788815,0.07173690520598337,-0.027493139884731718,0.35251327558670165,0.35451453708276404,0.3535130972842929,0.018839417641299285,-0.026960417377977136,0.01899614950737113
-0.101512016936926,0.04914258623358003,0.04867837557807256,0.04708976410505484,0.04747987908124917,0.18379070319016752,0.18394500175796955,0.049020453461030206,-0.1096520509549261,0.050981755392250964,0.05088111708622223,0.10424524772019333,0.17061650339978887,0.018646014928179442,0.05760160089737669,0.06821587044409479,-0.07943002936810825,0.050981755392250964,-0.03623593187117961,0.037179873671904784,0.04337094596562272,0.027172599367763124,0.001389880016342811,1.0,0.8050513447023483,0.08604925069467823,-0.004713934300343454,0.01865261632409385,0.0027469540375369924,-0.03796606996734254,-0.027867987676984327,0.02377553733287416,0.04894262167636643,0.04760641829210097,0.048571854524777164,0.0722684711947634,0.04880984231348859,0.04742202019321416,0.04820867608164103,0.07945907039589163,0.4893804485545855,0.07760733412600758,-0.09940917576163509,0.023938955803582334,0.12114329652281038,0.12053423585997947,0.1208591700101133,0.05651842246111076,0.10901059100909319,0.1082982552162749,0.10866992971108529,0.05701890112777876,0.09691818148932245,0.09781135305192017
-0.06464929001547126,0.040536495084350636,0.03965931176766215,0.03806519323625477,0.03787983516794353,0.15464403392264406,0.1538075763614817,0.03996915879589616,-0.07108544512906735,0.09613944669743398,0.09602260682656165,0.045515057628715216,0.0943849398332529,0.008584222659974761,0.047960966401148664,0.09483474194385218,-0.04586557429331299,0.09613944669743398,-0.014636895649825045,0.07795277698411991,0.03142982480584147,0.011299278423959322,-0.0023703687147969173,0.8050513447023483,1.0,0.08394974807002797,0.011725532083421336,0.009066810329485342,-0.006083356313730695,-0.03493860078825494,-0.028809015117151004,0.022561190355108212,0.04047013252744688,0.03930122432223329,0.04019662255637764,0.06124308218668913,0.04034361769243594,0.039200314018780096,0.03985622559088404,0.07103914010705563,0.3585938287198858,0.06451073478524937,-0.0901554802955087,0.01424643752333259,0.07670490782831914,0.07578023231335852,0.07632319278273292,0.0625500022778815,0.06991627455821833,0.06889769133805683,0.06948419837750616,0.06491196974151821,0.07228424940120276,0.07492762524031844
-0.0395678545815415,0.041460298855956215,0.04954617231671551,0.030497142234015548,0.03893266110901935,0.46958896690374535,0.4623157765061689,0.0399242719532728,-0.0386950470611333,0.09842562773547626,0.09720294067675048,0.36288646071379776,0.1157423985238998,0.007086921689593134,0.025661262706055087,0.02965950620970595,0.0654802388097562,0.09842562773547626,-0.018767587772796728,0.0954460059372031,0.03836529729355992,0.03669072025377531,0.03478544382335627,0.08604925069467823,0.08394974807002797,1.0,0.3343816884637417,-0.12744304275146584,-0.09054158208113357,-0.46182074611404095,-0.4106912157302321,0.4301437781424273,0.04516896679317461,0.03655250451270609,0.04114499775142856,0.4244899023140398,0.04440814257776945,0.03748731267131977,0.04099611801813046,0.3716052647310257,0.16793608836142554,0.4313035069284585,-0.03770980578545589,-0.053726092664650484,0.15585062957951373,0.1537451625383455,0.1549966999821243,0.1242507195748267,0.15893649062444395,0.1567781627337072,0.1580468917042506,0.1278800277950884,0.38891290174227316,0.39402839597705686
-0.08568123806048003,-0.11745641112200049,-0.11499594521692158,-0.12142520626071888,-0.11884579718860613,-0.11859607904212711,-0.11942804131935597,-0.1183510812541728,-0.11339563165402461,0.06639632940652368,0.06557740830188472,0.10979704981571775,0.011363131675822938,-0.036084066636943586,0.04453721041648012,0.007559756539328362,0.016603646966438356,0.06639632940652368,-0.012073494983858582,0.06727347718449633,-0.11876519806268475,-0.11905251610477122,-0.11867885370817706,-0.004713934300343454,0.011725532083421336,0.3343816884637417,1.0,-0.05829035684746763,-0.24387014203241525,-0.14633046679014436,-0.23460272376388988,0.10934987176196079,-0.1167190574084412,-0.11858779909494684,-0.11760133354931451,0.10024938495448159,-0.11706969937598347,-0.11822207504583872,-0.1176127727153832,0.03831258575515409,-0.037648967291265927,0.11728496262522954,-0.03734643512330467,-0.17293055332096002,-0.09186413439566474,-0.09136589225903258,-0.09157380715350803,-0.04798423839652546,-0.11174585900735404,-0.11136695899192699,-0.11151630796829194,-0.04872975981313174,-0.058559950372002435,-0.059425797635187814
0.04145143437895363,0.040171178556037794,0.038595648040166,0.04103992186859258,0.03991886401236363,-0.08655567672985323,-0.08626345117708788,0.040043929976297944,0.01233339260293851,0.004481782549641612,0.004637272409298043,-0.3276547798884743,-0.013567620735097262,0.11804609530640703,-0.09636722321353011,0.0009760072648498524,-0.13503259656099487,0.004481782549641612,0.004887033282708551,0.004432973210669682,0.04006090205974523,0.039895502282422834,0.03931477675469313,0.01865261632409385,0.009066810329485342,-0.12744304275146584,-0.05829035684746763,1.0,0.02901674129328271,0.09740394326214055,0.09360584751960878,-0.09123225736409941,0.03875391135882158,0.04109144207322434,0.03992816893082442,-0.10913511989369715,0.03892277577499084,0.04097012253027611,0.039932318749444896,-0.11122799026081204,0.1521375103013435,-0.1091156084678677,0.025184094704921365,0.737195797901367,-0.2908170832272112,-0.28168008806649825,-0.2863194456484842,-0.44520130304740546,-0.27515006998750213,-0.26606718216670444,-0.2706786920375248,-0.4440656269380535,-0.4694811227907836,-0.4697143886906986
0.17628969869537475,0.18823417659466932,0.1879918263355029,0.18975878408301974,0.18922842542183316,0.07094391025066316,0.06853535618747203,0.18914072460715917,0.19731818442192525,-0.040806416206482024,-0.04070391697131871,-0.007123398620122396,-0.0003162342505625999,0.007282708978912801,-0.01820685675176499,-0.009303450448052619,0.04334601746556718,-0.040806416206482024,0.03992311431413937,-0.040265303652995486,0.1894067688204668,0.1896108354871655,0.18946954601690938,0.0027469540375369924,-0.006083356313730695,-0.09054158208113357,-0.24387014203241525,0.02901674129328271,1.0,0.17965069602606518,0.45042108696071675,-0.004254715519521022,0.18789514814932853,0.18939450625137544,0.18848779389918352,-0.09387508943199346,0.18938441038088324,0.18839199158887562,0.18888699172033038,0.09854372078793336,0.015099653648808676,-0.12709149937337902,0.15946557676004022,0.14040670491474272,0.12914054426260607,0.12886130462835074,0.12897239585923043,0.05025788598711494,0.16788540354428946,0.16778589640476582,0.16780704565262272,0.05350079202237646,0.01146734667942096,0.014372877802581395
0.0158340724254715,-0.04171468634509753,-0.045366314592884885,-0.03657556431146565,-0.04132206648239933,-0.2036892491796676,-0.19650711199179297,-0.04102620019675814,0.024842373964091478,-0.026237159836673615,-0.025793415975369233,-0.2427939737406206,-0.06376686569328331,-0.02001529389570695,-0.010481652168045296,-0.010354810975188866,-0.0682676646908836,-0.026237159836673615,0.010145374599142661,-0.024874986304761388,-0.04105499520805395,-0.04036886003494442,-0.03949821773319838,-0.03796606996734254,-0.03493860078825494,-0.46182074611404095,-0.14633046679014436,0.09740394326214055,0.17965069602606518,1.0,0.8240708133857975,-0.9495848141456706,-0.04851504369910147,-0.03483149152492694,-0.04191162776512569,-0.6982569790711666,-0.046771403160486724,-0.03670006977848695,-0.04176818541734444,-0.5453314691915233,-0.11060576569534196,-0.7065103459653396,0.04592625471421913,0.08535771626855367,-0.07209176273717785,-0.06866611647838221,-0.07047741755851518,-0.1572423743852893,-0.08534777787746188,-0.08189253235033274,-0.08371678255292414,-0.16513027048852633,-0.1800225402013294,-0.18575654433186925
0.11420672108189707,0.09093300682209475,0.0878655036761985,0.09567948983398114,0.09178203303761633,-0.08380123110384295,-0.08192059141694236,0.09182584995047738,0.14105822633422185,-0.03160220636417897,-0.031216083980663924,-0.18235072048819498,-0.04277510077787921,-0.016973284717663937,-0.021605463034519556,-0.01851777866675823,-0.04253650832299474,-0.03160220636417897,0.012055223740226495,-0.028559303460709277,0.09183314820398703,0.0924530052982315,0.09309061736182582,-0.027867987676984327,-0.028809015117151004,-0.4106912157302321,-0.23460272376388988,0.09360584751960878,0.45042108696071675,0.8240708133857975,1.0,-0.7736004778896258,0.08529261286014568,0.09649522028997888,0.09070403646795366,-0.6149442603433575,0.08744566633230615,0.09437231794312355,0.09096142165728731,-0.34899894193492864,-0.06587103083176762,-0.6465766681200519,0.08939779300671168,0.15908039852162462,0.0023403659481588163,0.003960627181689563,0.0029793680037346094,-0.06376754268407588,0.019374417875581224,0.021147894049928027,0.020090760493109233,-0.06661519076554925,-0.1123719940147957,-0.113250764256474
0.01801463861333062,0.07068151011508665,0.07417713841268826,0.06599994668499559,0.07036223809467103,0.1948656746646867,0.1876290730070455,0.07016422098048852,0.009111743857833858,0.020478011452544888,0.020070237569656587,0.2283835912515168,0.05867885834342482,0.02077520175843044,0.004998507430005009,0.007022171332156545,0.08135978551347789,0.020478011452544888,0.0028901919149765623,0.019660627377874863,0.07031860153217417,0.06989439326187712,0.06938567040540587,0.02377553733287416,0.022561190355108212,0.4301437781424273,0.10934987176196079,-0.09123225736409941,-0.004254715519521022,-0.9495848141456706,-0.7736004778896258,1.0,0.07756180691037047,0.06425729418828642,0.07097897082853903,0.6894754671182552,0.07603903450426042,0.06595908405019783,0.07095025990431364,0.5668960777782207,0.10084384214466126,0.6928747136265332,-0.00990127848556941,-0.06789297048968738,0.08479771567444741,0.08160733514841952,0.08332700010606232,0.15396207995167777,0.104812088613806,0.10162750067472842,0.10334404104657977,0.16203335547815612,0.1648486893510367,0.17074034244935313
0.6926211980642658,0.9998487889389512,0.9997954461427604,0.9996957509347347,0.9996075807344471,0.1367975022951337,0.08007893194683495,0.9997876592712567,0.7751253458121532,0.013644066802180478,0.013520294064823832,0.1582217776232069,0.17977065978385454,0.16074746119603478,-0.06466102859456797,0.01877257816112032,0.13558161662673746,0.013644066802180478,-0.022106288681955712,0.009830591334203635,0.9995682833573555,0.9991832769267938,0.998452098169035,0.04894262167636643,0.04047013252744688,0.04516896679317461,-0.1167190574084412,0.03875391135882158,0.18789514814932853,-0.04851504369910147,0.08529261286014568,0.07756180691037047,1.0,0.999815969388743,0.999942155008114,0.12160356028756741,0.9999819292382545,0.9998364320820099,0.9999407596917312,0.21427608301600717,0.19158797800228877,0.01638161566434656,-0.046828236079331,0.22810967084585984,0.07913612842199685,0.08010910760693736,0.07960632320875682,-0.01963381467747841,0.3593474635317991,0.3611980245050524,0.36027799248274484,0.02681826452179915,-0.01777916818235433,0.02825991612260825
0.6938251256756005,0.9998625423142864,0.9997504961912772,0.9998164201039281,0.9996471146455649,0.1311382990063573,0.074510804181005,0.9998217148187594,0.7764119065016449,0.012350721043369189,0.012237215521069442,0.1527733609998945,0.17825259658131595,0.1608442024461725,-0.06496748860764692,0.018501324062419614,0.13459429537016407,0.012350721043369189,-0.022567178349596,0.008548918639117711,0.9996194569846748,0.9992580191534836,0.9985594697134289,0.04760641829210097,0.03930122432223329,0.03655250451270609,-0.11858779909494684,0.04109144207322434,0.18939450625137544,-0.03483149152492694,0.09649522028997888,0.06425729418828642,0.999815969388743,1.0,0.999940572493269,0.10352481037937313,0.9998378240959179,0.9999824452706485,0.9999425764106858,0.19773793372673562,0.18798904749056422,-0.0016717340162747478,-0.04609099593977,0.22908705130885,0.07618231874582802,0.07727578315731097,0.0767119788893924,-0.025270136452055916,0.35654929699732985,0.3585218612008951,0.35754000409274644,0.02107070634189435,-0.022569889378866996,0.02339825769795181
0.693086881740699,0.9999094379877106,0.9998263485809251,0.9998037610786323,0.9996792101731882,0.13421150216375177,0.07752035567556023,0.9998576085935339,0.7755304482256873,0.01309928053129221,0.012980282537867706,0.15563167489730306,0.1789830449888532,0.16078285621756236,-0.06482430335663732,0.0187759284982165,0.1349909575114831,0.01309928053129221,-0.02255077645359838,0.009263444358552251,0.9996420657903539,0.9992626007218297,0.9985415303526781,0.048571854524777164,0.04019662255637764,0.04114499775142856,-0.11760133354931451,0.03992816893082442,0.18848779389918352,-0.04191162776512569,0.09070403646795366,0.07097897082853903,0.999942155008114,0.999940572493269,1.0,0.11256213191261613,0.999953921632799,0.9999522070366669,0.9999961447864696,0.20597668990635928,0.1899214626949261,0.007332633007761056,-0.04732791657257172,0.2286854447206633,0.07806307454043215,0.07909899670595776,0.07856558547244205,-0.022464568622132166,0.3583417418437723,0.36025619593756497,0.3593050104803998,0.023911463969740508,-0.020064827038341584,0.0259415726005169
0.014308789640220856,0.11170308967508302,0.11449677213164575,0.10644377677789478,0.110271490971812,0.2682328316816999,0.25705568141670976,0.11066354493279901,0.014947169043458846,0.06868631910688403,0.06816672401594562,0.2817942206779674,0.0910338506387601,0.016789730030016086,0.0037722811944453168,0.015694826806257983,0.06228872627891664,0.06868631910688403,0.022730576987230185,0.06776737863641302,0.10973886307593334,0.10855241088988565,0.10680525784707447,0.0722684711947634,0.06124308218668913,0.4244899023140398,0.10024938495448159,-0.10913511989369715,-0.09387508943199346,-0.6982569790711666,-0.6149442603433575,0.6894754671182552,0.12160356028756741,0.10352481037937313,0.11256213191261613,1.0,0.11979871809731486,0.10514459072609453,0.11234973909824966,0.8864934562505509,0.1976030599276448,0.9896879735135847,-0.049181596863624666,-0.0389631729476345,0.14203170661873601,0.1363125461714874,0.1392609043254542,0.2752671722486136,0.16728440171178352,0.16158710386966274,0.1645297070875949,0.286518097743763,0.21155643219654413,0.2201585782975234
