index,closePrice,highPrice,lowPrice,openPrice,totalValue,totalVolume,vwap,bcClosePrice,ret,retLog,retVar,retSkr,retKur,retAc,retBc,corrBc,label,label5,retTrackBc,ma5,ma10,maDiff10,priceAmp,sIndicator,index,spread_max,spread_min,spread_mean,spread_std,lastPrice_max,lastPrice_min,lastPrice_mean,lastPrice_std,midPrice_max,midPrice_min,midPrice_mean,midPrice_std,trackError_max,trackError_std,midSpread_z_score_,deal_sum,volumePerDeal_max,volumePerDeal_min,volumePerDeal_mean,volumePerDeal_std,valuePerDeal_max,valuePerDeal_min,valuePerDeal_mean,valuePerDeal_std,volumePerDeal,valuePerDeal
1.0,0.8201687141082208,0.8195479636000866,0.8210043984068656,0.820301572391241,-0.001102281811848543,-0.03998854971088403,0.8199087960928569,0.8139601618968195,0.0010048435766731876,0.0010890941455151198,-0.10379248197264081,-0.020059834866702708,-0.05695776880409292,0.008549045740465375,0.01480830274102943,-0.041571798693316224,0.0010048435766731876,0.007462661109644121,-0.006878009333949063,0.8208678479944717,0.8214434937568194,0.007426508363159385,-0.06915885465300979,-0.04349843748856544,0.04860638404168451,0.03773428173378774,-0.03565877180305675,-0.018844673171630404,0.034184629216112414,0.8193892898829379,0.8207920647898237,0.8201351804808952,-0.027582144737436635,0.8192542412425927,0.820713983654833,0.8199871618685269,-0.02060549924342353,-0.05000340017718481,-0.07662671946859695,0.015610544066414553,0.10833827461183586,0.08013759399261357,0.0815629142388043,0.080767141721789,-0.03086780519107415,0.2805881456040669,0.2826023247305394,0.2815366049659919,-0.012668118493578557,-0.06412815103959374,-0.04245332809242005
0.8201687141082208,1.0,0.9998328291896319,0.9997717847113456,0.9995053317596239,0.10690762436442955,0.058901783241543215,0.9998473738958633,0.9653930236337551,0.025974222612309267,0.02600402174731363,-0.03340005533265174,-0.04870874252568514,-0.09776174159444272,0.0063375847431671566,0.02602048484115903,-0.05302332696340603,0.025974222612309267,-0.0067800595729653745,0.016985985728986092,0.9994289605953472,0.9987592744741134,0.05845489999716919,-0.0011468335225348562,-0.027843092309410976,0.001266735742203341,0.09089694117969628,-0.09460534231461179,-0.06219140088280402,0.09317072902135769,0.9997683471230032,0.9998323173172665,0.9998582029833025,0.033328453273231425,0.9997601004893755,0.9998206983953527,0.9998506527434453,0.045977219845267564,0.1425508154832317,-0.024048547115504887,0.031064445194227415,0.22686326737931697,0.23302463574149496,0.23539025118358517,0.2341701711035908,-0.025743400602826517,0.45327634453222315,0.4561186060203795,0.45468216641026743,-0.003944625901128161,-0.04071906885560646,-0.014498348630849181
0.8195479636000866,0.9998328291896319,1.0,0.999762555872864,0.9997599322166677,0.111728086357332,0.06374553938384564,0.9999277280275084,0.9651154892959299,0.012866060544201415,0.012883851075682453,-0.029215120050538185,-0.04831738326206101,-0.09748345706410808,0.005599587691169077,0.018903285252352225,-0.052001061683662635,0.012866060544201415,-0.005849577097704793,0.005130270630853728,0.9995606864073353,0.9988926771120692,0.05839896697840745,0.00694410903029877,-0.02278848156283628,-0.0017198726615363404,0.09192008499045921,-0.09744428229758766,-0.06517380674648579,0.09627423078687376,0.9996368334513318,0.9996405022016355,0.9996937487933546,0.03587077181867861,0.9996368001888831,0.9996277540650307,0.999691223866916,0.048740548771535844,0.14189906764248858,-0.02141150381555988,0.031019579552230156,0.225083165317025,0.2352975751332551,0.2376055288799821,0.23641550822232218,-0.023236649053253053,0.45535411562703143,0.4581417162874072,0.45673361199870915,-0.001438714557894139,-0.036083234197683285,-0.009851790729163487
0.8210043984068656,0.9997717847113456,0.999762555872864,1.0,0.9998277662311138,0.09998147611033452,0.05192669855492659,0.9999229559038154,0.965461034704337,0.008789091141963018,0.008830590144003555,-0.03885037296396693,-0.05025159908610725,-0.09771710987872988,0.0063398529365276774,0.015128658458635308,-0.05439268672484453,0.008789091141963018,-0.005558033855434533,0.0022950832623362077,0.9996329297427914,0.9990109017903861,0.056743666105595336,-0.014830204308920392,-0.03661075126231891,0.004256543489205842,0.08965783209987156,-0.09025570502280975,-0.05822122368206797,0.08874628531249532,0.999498059923197,0.9996648892853546,0.9996361153933605,0.029112487494705696,0.9994905172789184,0.9996614812212338,0.9996352437457353,0.04166358776061936,0.13931267351885698,-0.02844836123323825,0.030970667056980768,0.22883627244724286,0.23128995982611344,0.23372065007610301,0.23246394238665455,-0.028454080919101666,0.45179709252914796,0.4547010212874003,0.4532300022442466,-0.006663104106929381,-0.046472427133489896,-0.020234609394665676
0.820301572391241,0.9995053317596239,0.9997599322166677,0.9998277662311138,1.0,0.1046604524945881,0.05662932222932686,0.9998440007660602,0.9652241383568197,-0.004149367904476962,-0.004119339964669543,-0.03458226117790666,-0.049950415528885246,-0.09754439592148982,0.005645888393001679,0.008532142056427884,-0.05331626506034509,-0.004149367904476962,-0.0045396756588706524,-0.009641109033585855,0.9996609182458568,0.999030997234802,0.05702919808108908,-0.007073154575793734,-0.03202534541489507,0.0014226420799649906,0.09043394150113106,-0.0933124844671311,-0.0612200369546217,0.09201649956405661,0.9992593958295004,0.9993681947039216,0.9993653468130433,0.03159011816289107,0.9992574653451678,0.9993645001417558,0.999368805201806,0.044230850262835596,0.1386291912621498,-0.025892212470443345,0.03122075907596326,0.22698291356634875,0.23304554941174566,0.23541899088966622,0.23419233608298975,-0.026047166433807563,0.4533831085963063,0.45623308526332124,0.45479019449901165,-0.0042560602490230555,-0.04184444157787436,-0.015590843103595617
-0.001102281811848543,0.10690762436442955,0.111728086357332,0.09998147611033452,0.1046604524945881,1.0,0.998082626367516,0.10601264887930101,0.07450642439645372,0.08534173452284138,0.08462427119271695,0.39391319396874414,0.0929605602469169,0.0405203826619458,-0.028001659527456185,0.053306864003450534,0.0004616820776643961,0.08534173452284138,-0.021602483448288842,0.07338237754600777,0.10301257732818274,0.10085150178621294,0.0814504217581263,0.5358322378504757,0.08010753773735474,-0.20275643652843253,0.087783616575055,-0.20660325094884455,-0.17339312762469766,0.20866147131527193,0.11065296883102932,0.10395592054256639,0.1074033617167035,0.2976431194655821,0.11115472211233991,0.10353005606966202,0.10732983917873816,0.3202919307963591,0.12079680719297213,0.2976366739341021,0.00508002885826283,-0.027778044200154194,0.3333194718041626,0.32681436053342583,0.330397149395763,0.3144715057880111,0.32775431473592376,0.32153127607358795,0.3249400781304499,0.3193398677936131,0.6436715278837996,0.6498897013399634
-0.03998854971088403,0.058901783241543215,0.06374553938384564,0.05192669855492659,0.05662932222932686,0.998082626367516,1.0,0.05799052710045569,0.028197613086124167,0.08565473773025413,0.08492639392310503,0.39425090646063954,0.09708983445144045,0.04713692296708699,-0.028670380825400157,0.05259407709716542,0.0011072645608188661,0.08565473773025413,-0.020587414096637332,0.07414741043150976,0.05503386584054593,0.052939690086436786,0.0773913478379132,0.5401923186925445,0.08271129100521185,-0.20087145472724763,0.08453271376348764,-0.20281045830732422,-0.1709694051339632,0.20498025427766758,0.06266297143766456,0.05595759121230397,0.05940404217543865,0.29632120098410675,0.06317644150436884,0.05552429359610514,0.05933205465100546,0.3187557878183591,0.11262252517100407,0.2995827598652039,0.003956927965749638,-0.036570353601266654,0.32199206649555123,0.31536486795295743,0.31902392342147984,0.3160464957079957,0.3056062559045355,0.2992477527776095,0.3027370118272528,0.31946484703175365,0.6497830230784336,0.653787953861011
0.8199087960928569,0.9998473738958633,0.9999277280275084,0.9999229559038154,0.9998440007660602,0.10601264887930101,0.05799052710045569,1.0,0.9651959766063091,0.01056544267486719,0.010594612495654807,-0.03376011435434274,-0.048788967177105846,-0.09752651360930352,0.006029177425354023,0.016959769935014576,-0.053072693459495696,0.01056544267486719,-0.00545749236240122,0.003428568803188984,0.9996245873226585,0.9989495791889599,0.05865349220445595,-0.0037286653997139567,-0.029646286680530376,0.001183631933371903,0.09076934108368691,-0.09389955363894661,-0.061592474983262695,0.09247419387712255,0.9996191264062756,0.9997035936463904,0.9997175852855184,0.03248443220979962,0.9996150836858254,0.9996965462878986,0.9997161914375221,0.04516561775367205,0.14170299126025288,-0.024929470827789735,0.030999467867881297,0.2272200563223459,0.23398996196998537,0.2363635242636672,0.2351383531134423,-0.025803382835696526,0.45416388546006947,0.457012716452845,0.4555719406668945,-0.0040145997829365435,-0.04119099499688598,-0.014957321288230489
0.8139601618968195,0.9653930236337551,0.9651154892959299,0.965461034704337,0.9652241383568197,0.07450642439645372,0.028197613086124167,0.9651959766063091,1.0,0.014652921790331742,0.014705707183821273,-0.06559233906098741,-0.0723352936497179,-0.09479452931700873,0.011785860580818484,0.024498409894625213,-0.08817288949062413,0.014652921790331742,-0.0067518922960370055,0.004221383911640012,0.9653177335742655,0.9650315752647971,0.04345640012957728,-0.01895478915927926,-0.029605663770393646,-0.0016641878643786643,0.08986960615018234,-0.0883667394692121,-0.06055213766450115,0.08743109630210252,0.9650029486939952,0.965434016376834,0.9653163296148286,0.01547486841852508,0.964991716213838,0.9654364356417149,0.9653078266058615,0.028008554550488507,0.10599625355266122,-0.040203396883050496,0.03081924430810865,0.16685547396441383,0.1563164116438457,0.15836600444317,0.1572982799897723,-0.03297252409061744,0.37693233071811105,0.3795413974593773,0.37821411418064094,-0.011994218105808934,-0.03734817897627475,-0.011909195651664747
0.0010048435766731876,0.025974222612309267,0.012866060544201415,0.008789091141963018,-0.004149367904476962,0.08534173452284138,0.08565473773025413,0.01056544267486719,0.014652921790331742,1.0,0.9999990002421429,0.0437559962099946,0.0350749527070294,-0.0039027095464096223,0.028588683938641713,0.5644902165822467,0.008304799261777296,1.0,-0.07413831831673222,0.8926979609565397,0.0018570563986152983,0.00038809801481341105,0.05302460910314415,0.18769734182350106,0.12363713333921882,-0.005914405337536233,0.013153249301208644,-0.04402728366325934,-0.030923600371415873,0.03987447202471831,0.02647256018772284,0.024970675526452484,0.025918118580926828,0.0588282450546767,0.026231974860794666,0.024729322077872623,0.025551778174607926,0.05776011855398194,0.13901106752429768,0.06215932226214909,-0.00488411946848814,0.0017415333371609153,0.019622534430604046,0.019401564664399868,0.01962678081388278,0.015323664632229301,0.016791388406851106,0.016561165096163677,0.016786239774055658,0.01565555950528378,0.04240168064009173,0.04155907897683228
0.0010890941455151198,0.02600402174731363,0.012883851075682453,0.008830590144003555,-0.004119339964669543,0.08462427119271695,0.08492639392310503,0.010594612495654807,0.014705707183821273,0.9999990002421429,1.0,0.04323323080521583,0.03491350434668389,-0.003969840148178765,0.02862481059215515,0.5644522627197682,0.008202849956099243,0.9999990002421429,-0.07411232245683742,0.8927174815775293,0.00188825684906543,0.0004211056104239043,0.052960526598099425,0.18660561004147702,0.12276145757350125,-0.005660001150750845,0.013069091083910755,-0.043749483455953024,-0.030654199813679936,0.03958023434178641,0.02649956691766185,0.02500494621222144,0.0259490199125553,0.05852341249134348,0.026258407401982244,0.0247641169957721,0.025582663893748227,0.05743088774942024,0.13891206753192697,0.06182984552772882,-0.004894775975384919,0.0019023970397498066,0.01943897904951967,0.01922493445080908,0.019446167577049134,0.015040578782742654,0.01663682383360605,0.01641311620646254,0.016634466869536593,0.015374245448021741,0.04179403963688853,0.04095635699301273
-0.10379248197264081,-0.03340005533265174,-0.029215120050538185,-0.03885037296396693,-0.03458226117790666,0.39391319396874414,0.39425090646063954,-0.03376011435434274,-0.06559233906098741,0.0437559962099946,0.04323323080521583,1.0,0.13766178807049345,0.033711316449092754,-0.02681595876185687,0.03354535706660513,0.14086986664376872,0.0437559962099946,-0.0059649945010263545,0.034231603002479925,-0.03601990059322446,-0.03808082805536554,0.07306675256099955,0.4407450858590532,0.23250125565053575,-0.4146563787062816,0.1006471265272228,-0.2263847252025791,-0.20568710671984397,0.23306203679741314,-0.02955653632882062,-0.03671396331663735,-0.033169261044558855,0.31468590014796655,-0.029216256189305897,-0.037140606581010364,-0.03319861702614808,0.3308798941042726,0.12416973659919434,0.3228782172325466,-0.006165147251370258,-0.2838194182472786,0.31528303601767066,0.3071258211077764,0.3113797471401921,0.3573737063839483,0.27339832160324096,0.26555406642736984,0.26962475217802134,0.35859191655862976,0.5489724662705777,0.5502418502283885
-0.020059834866702708,-0.04870874252568514,-0.04831738326206101,-0.05025159908610725,-0.049950415528885246,0.0929605602469169,0.09708983445144045,-0.048788967177105846,-0.0723352936497179,0.0350749527070294,0.03491350434668389,0.13766178807049345,1.0,0.2377490935347385,-0.007181473386432428,0.02147795657015213,0.03606702315504516,0.0350749527070294,0.01253816260940602,0.030394954251920327,-0.05105884691559097,-0.05473510500061574,0.13078852861637474,0.09121784845410869,0.04138314812559393,-0.061837144544259606,0.0168727653617401,-0.012404849705258533,-0.01664769701399916,0.019050727478546494,-0.048165492303381956,-0.049153887014398254,-0.0485665266576456,0.041755697914092574,-0.048074631065153105,-0.049245711806000576,-0.04861123691540657,0.04664406513413318,0.12990876128889267,0.04694460541228598,-0.02041201960551033,-0.027456783172650587,0.12853935285988896,0.12718283940037026,0.12809971568528017,0.08170979896529264,0.09674851391360453,0.09533146623723532,0.09625898844578486,0.0790373197236314,0.08968097652168239,0.08755716228093893
-0.05695776880409292,-0.09776174159444272,-0.09748345706410808,-0.09771710987872988,-0.09754439592148982,0.0405203826619458,0.04713692296708699,-0.09752651360930352,-0.09479452931700873,-0.0039027095464096223,-0.003969840148178765,0.033711316449092754,0.2377490935347385,1.0,0.02899291006028172,-0.006947570039421217,0.017034182799100298,-0.0039027095464096223,0.021703138472391116,-0.00089362730414345,-0.09823030777330627,-0.09978334531236638,0.05261993602999318,0.01271846822576506,-0.05126092256358642,0.008389204873132846,-0.02165335071286092,0.03160915567240012,0.016336772772267943,-0.028404274342045545,-0.09760072514535499,-0.09762050396850809,-0.09763922070981623,-0.0015346616299399191,-0.09761249630410124,-0.09772864925418497,-0.09768114575305878,0.005806433061997712,0.012905314023955833,0.005714168264813434,-0.016093613475172172,-0.010290658888205186,-0.01011053490914835,-0.010723229467498124,-0.010430321427077238,0.026097994504407005,-0.034002587510608716,-0.034589002774085206,-0.03430735926771285,0.02178772512355762,0.015412333753641686,0.011283618137750142
0.008549045740465375,0.0063375847431671566,0.005599587691169077,0.0063398529365276774,0.005645888393001679,-0.028001659527456185,-0.028670380825400157,0.006029177425354023,0.011785860580818484,0.028588683938641713,0.02862481059215515,-0.02681595876185687,-0.007181473386432428,0.02899291006028172,1.0,0.014496271397922384,-0.022414083596843607,0.028588683938641713,0.0008221973425632417,0.026417392460552743,0.004671004138883401,0.003899239112902584,0.027985062915721594,-0.034366167764373824,-0.001258481004815549,0.03154819394806737,-0.015256162692158924,0.023942586939380815,0.028264325027293338,-0.023193778019193832,0.006273897734514217,0.006919547848513082,0.006597389548732443,-0.03109949183037348,0.006206295238458969,0.006941938265522465,0.006631503595029277,-0.029591873478955578,0.028622165617021602,-0.031028853767425073,0.02029962193430586,0.04544710809464026,-0.019352534233240334,-0.017660634368173615,-0.018617460121709256,-0.06648080749702831,-0.01748649549598321,-0.01592399943248845,-0.016805031772307463,-0.06661209646434858,-0.06298190269967138,-0.06414660738722906
0.01480830274102943,0.02602048484115903,0.018903285252352225,0.015128658458635308,0.008532142056427884,0.053306864003450534,0.05259407709716542,0.016959769935014576,0.024498409894625213,0.5644902165822467,0.5644522627197682,0.03354535706660513,0.02147795657015213,-0.006947570039421217,0.014496271397922384,1.0,0.019560561023789835,0.5644902165822467,0.04482524922026659,0.13193032482799277,0.0097666589499514,0.008080935015760318,0.061111268520155304,0.17428227466387317,0.11871648034924087,0.0010493266037061143,0.01782426407397541,-0.06349220029895566,-0.051195899486309,0.06494642941893411,0.02998216104490633,0.028114031120859414,0.02941449902926625,0.08008700277887616,0.029844685402955526,0.028052145220601413,0.029191582732525232,0.0713886014826751,0.13426431600662553,0.08191597889021293,-0.001811454702780754,0.004636319079696567,0.010041300938526426,0.010684110572887408,0.010326165807882069,-0.01903122824510233,0.009324390351527614,0.00987785706560881,0.009570072885817087,-0.017922933814012953,0.020504521995735228,0.02141768072681618
-0.041571798693316224,-0.05302332696340603,-0.052001061683662635,-0.05439268672484453,-0.05331626506034509,0.0004616820776643961,0.0011072645608188661,-0.053072693459495696,-0.08817288949062413,0.008304799261777296,0.008202849956099243,0.14086986664376872,0.03606702315504516,0.017034182799100298,-0.022414083596843607,0.019560561023789835,1.0,0.008304799261777296,-0.01036293397752056,-0.0007061288523568226,-0.05339163708914583,-0.05417633817949359,0.026458155989784595,0.10951501147691131,0.09842446257956235,-0.30396312080031007,0.018444237908953037,-0.046167825748621355,-0.04669560462289506,0.05215775551227872,-0.051978974292069595,-0.054267020898161496,-0.05307498463778322,0.09247491934369115,-0.051992106107500984,-0.05417589976637074,-0.05310231876694539,0.09012811511833392,-0.0032710813130112444,0.094892345688737,0.0041334161036112585,-0.200042972204692,0.03728477353939623,0.03436410679759778,0.03581015562819618,0.1098096803132021,0.0256792445148183,0.023058045356242254,0.024358111066728295,0.1051494433948327,0.12071578809252287,0.11657890316957606
0.0010048435766731876,0.025974222612309267,0.012866060544201415,0.008789091141963018,-0.004149367904476962,0.08534173452284138,0.08565473773025413,0.01056544267486719,0.014652921790331742,1.0,0.9999990002421429,0.0437559962099946,0.0350749527070294,-0.0039027095464096223,0.028588683938641713,0.5644902165822467,0.008304799261777296,1.0,-0.07413831831673222,0.8926979609565397,0.0018570563986152983,0.00038809801481341105,0.05302460910314415,0.18769734182350106,0.12363713333921882,-0.005914405337536233,0.013153249301208644,-0.04402728366325934,-0.030923600371415873,0.03987447202471831,0.02647256018772284,0.024970675526452484,0.025918118580926828,0.0588282450546767,0.026231974860794666,0.024729322077872623,0.025551778174607926,0.05776011855398194,0.13901106752429768,0.06215932226214909,-0.00488411946848814,0.0017415333371609153,0.019622534430604046,0.019401564664399868,0.01962678081388278,0.015323664632229301,0.016791388406851106,0.016561165096163677,0.016786239774055658,0.01565555950528378,0.04240168064009173,0.04155907897683228
0.007462661109644121,-0.0067800595729653745,-0.005849577097704793,-0.005558033855434533,-0.0045396756588706524,-0.021602483448288842,-0.020587414096637332,-0.00545749236240122,-0.0067518922960370055,-0.07413831831673222,-0.07411232245683742,-0.0059649945010263545,0.01253816260940602,0.021703138472391116,0.0008221973425632417,0.04482524922026659,-0.01036293397752056,-0.07413831831673222,1.0,-0.11350436823692718,-0.0031441521388148462,-0.0019055437631224686,-0.04476390802145069,-0.013123165457829189,-0.009716548730277245,0.0011635913712283266,0.013719989100955114,-0.02652323318316644,-0.025294752605716193,0.028947196064631774,0.0008164465541392126,-0.0009933975415477765,-0.00030088752023676123,0.09049056879337425,0.0009624039379899741,-0.0006787833529861511,-1.1317399556774306e-05,0.08141468263496734,0.020064933385758127,0.08731250541040224,-0.00229136683088227,0.013364017572237081,0.03632803842348762,0.03546785076112594,0.035853408356446216,0.04873251045408244,0.030515629787474925,0.02971892065765707,0.030070791043239824,0.047441267097864295,0.017342184808117885,0.015941913867048546
-0.006878009333949063,0.016985985728986092,0.005130270630853728,0.0022950832623362077,-0.009641109033585855,0.07338237754600777,0.07414741043150976,0.003428568803188984,0.004221383911640012,0.8926979609565397,0.8927174815775293,0.034231603002479925,0.030394954251920327,-0.00089362730414345,0.026417392460552743,0.13193032482799277,-0.0007061288523568226,0.8926979609565397,-0.11350436823692718,1.0,-0.0031020730163228987,-0.003945789946207618,0.030312318999260856,0.13025228884453274,0.08365987763029896,-0.007675414441251918,0.006064251849140819,-0.018207668641876344,-0.009184903963549058,0.012426667505863543,0.015421523361225993,0.014637851743567548,0.015065621874675469,0.026921869190614692,0.015207663758400046,0.014381800887516815,0.014747391778314946,0.030388133172711464,0.09363375309276942,0.029923568738197806,-0.004876292100727198,-0.00043985276768730025,0.0180822965854742,0.017465990018357306,0.01793187174346692,0.028792225198530405,0.015073816255212197,0.014495174721805646,0.014933500981200564,0.028585710833360905,0.039724973163161446,0.03821455833620653
0.8208678479944717,0.9994289605953472,0.9995606864073353,0.9996329297427914,0.9996609182458568,0.10301257732818274,0.05503386584054593,0.9996245873226585,0.9653177335742655,0.0018570563986152983,0.00188825684906543,-0.03601990059322446,-0.05105884691559097,-0.09823030777330627,0.004671004138883401,0.0097666589499514,-0.05339163708914583,0.0018570563986152983,-0.0031441521388148462,-0.0031020730163228987,1.0,0.9996161570994649,0.0481689009758442,-0.007265054103634795,-0.031761596324901914,0.001691491969735138,0.0904099445293609,-0.0928486456364424,-0.06081720184611577,0.09156582159567127,0.9992090208265348,0.9993244569708944,0.9993156777735501,0.03138834219675432,0.9992103114033457,0.9993262608378293,0.9993237501342257,0.04399668947736402,0.13451494326399255,-0.026140750240133136,0.031709381859379604,0.2270364075666535,0.23183414850938616,0.23421904418172126,0.23298658964799648,-0.02674557356678292,0.452499575985591,0.4553612992873961,0.45391257603078056,-0.004912497714041338,-0.04299102182230145,-0.01676318390996604
0.8214434937568194,0.9987592744741134,0.9988926771120692,0.9990109017903861,0.999030997234802,0.10085150178621294,0.052939690086436786,0.9989495791889599,0.9650315752647971,0.00038809801481341105,0.0004211056104239043,-0.03808082805536554,-0.05473510500061574,-0.09978334531236638,0.003899239112902584,0.008080935015760318,-0.05417633817949359,0.00038809801481341105,-0.0019055437631224686,-0.003945789946207618,0.9996161570994649,1.0,0.02047808634141454,-0.009357038491031429,-0.03304547894511473,0.002140453979257523,0.09000656989902234,-0.09170787508287903,-0.05990315750882178,0.09046464113304448,0.9985455731842535,0.9986954409190957,0.9986660750702003,0.03019486729408394,0.9985483293928733,0.9987017160121618,0.9986781850141709,0.04262956983147454,0.12552909524789266,-0.027453240598810647,0.03234178845284848,0.22719600578149318,0.2304761749226528,0.23287308585265806,0.23163226707843065,-0.02755465220461603,0.45161406295301526,0.45448842114361615,0.4530313120109292,-0.005663524836466576,-0.04504836618843834,-0.018857206312720306
0.007426508363159385,0.05845489999716919,0.05839896697840745,0.056743666105595336,0.05702919808108908,0.0814504217581263,0.0773913478379132,0.05865349220445595,0.04345640012957728,0.05302460910314415,0.052960526598099425,0.07306675256099955,0.13078852861637474,0.05261993602999318,0.027985062915721594,0.061111268520155304,0.026458155989784595,0.05302460910314415,-0.04476390802145069,0.030312318999260856,0.0481689009758442,0.02047808634141454,1.0,0.07517361469729997,0.0451978785380974,-0.016128510962727823,0.017646783575223902,-0.04431609039344761,-0.03504221090594148,0.04284469592536419,0.05822243144358496,0.05698502053394793,0.05772693669345601,0.04410632093894954,0.058169634827081124,0.05682387982452017,0.057581645454384024,0.050799639523113,0.32858774369003124,0.04642224717135389,-0.02171178430574947,0.002040129846489411,0.05691836897650095,0.05656705247013368,0.056826301012020144,0.02825180955478566,0.04746005022797091,0.047102763481650614,0.04735536753506423,0.026908389818174863,0.07269825081635696,0.07492102037981367
-0.06915885465300979,-0.0011468335225348562,0.00694410903029877,-0.014830204308920392,-0.007073154575793734,0.5358322378504757,0.5401923186925445,-0.0037286653997139567,-0.01895478915927926,0.18769734182350106,0.18660561004147702,0.4407450858590532,0.09121784845410869,0.01271846822576506,-0.034366167764373824,0.17428227466387317,0.10951501147691131,0.18769734182350106,-0.013123165457829189,0.13025228884453274,-0.007265054103634795,-0.009357038491031429,0.07517361469729997,1.0,0.6355808230272664,-0.2741535574847571,0.10537624887250585,-0.3292234722730824,-0.31890221004405134,0.34505623007299063,0.0024159075902033733,-0.005057600765032483,-0.0013045883517109923,0.309252323401345,0.0027714716463934723,-0.005488350292741305,-0.001376421458424399,0.3242699587541334,0.11851159302295376,0.32277410559883574,0.002278770182840024,-0.17294718526983982,0.1824123438652435,0.1768007249712272,0.1798575690692655,0.2381285460661782,0.1606338852399189,0.15531958663417011,0.15820097018498328,0.23801414378457314,0.47752748582705273,0.4764009561423155
-0.04349843748856544,-0.027843092309410976,-0.02278848156283628,-0.03661075126231891,-0.03202534541489507,0.08010753773735474,0.08271129100521185,-0.029646286680530376,-0.029605663770393646,0.12363713333921882,0.12276145757350125,0.23250125565053575,0.04138314812559393,-0.05126092256358642,-0.001258481004815549,0.11871648034924087,0.09842446257956235,0.12363713333921882,-0.009716548730277245,0.08365987763029896,-0.031761596324901914,-0.03304547894511473,0.0451978785380974,0.6355808230272664,1.0,-0.13310405431948874,0.061204955252640504,-0.16920469486550385,-0.1636486594725326,0.18137609787991535,-0.026473851474115243,-0.030266595427090353,-0.02846439606992438,0.15564658934525075,-0.02632089592637106,-0.030590190948048653,-0.02852148191622911,0.169554092462464,0.07071380891684548,0.1655744331685387,0.009031513642331089,-0.11701747966144062,0.010678945840741687,0.008761097368721067,0.009831375926184955,0.06738074686622701,-0.0015024569392871434,-0.0032881451397256014,-0.002296243595215448,0.0659016263571234,0.12495216993965633,0.12296131356718143
0.04860638404168451,0.001266735742203341,-0.0017198726615363404,0.004256543489205842,0.0014226420799649906,-0.20275643652843253,-0.20087145472724763,0.001183631933371903,-0.0016641878643786643,-0.005914405337536233,-0.005660001150750845,-0.4146563787062816,-0.061837144544259606,0.008389204873132846,0.03154819394806737,0.0010493266037061143,-0.30396312080031007,-0.005914405337536233,0.0011635913712283266,-0.007675414441251918,0.001691491969735138,0.002140453979257523,-0.016128510962727823,-0.2741535574847571,-0.13310405431948874,1.0,-0.0831958229666459,0.17780755001097567,0.16152779996334676,-0.18978014998655263,-0.001855863668079794,0.004066898229484905,0.0009850430115785306,-0.259232596087178,-0.00217918352635978,0.0042003245615980025,0.0009806895889400067,-0.274415435803035,-0.019800243771885485,-0.258346607330181,-0.02206085749999379,0.8072372246156607,-0.3013900067535871,-0.2907533537728571,-0.2962094961822542,-0.4493855889071467,-0.27465116851254306,-0.2646868446279468,-0.2697937175249774,-0.4491233077945663,-0.535574454580321,-0.5367056096375592
0.03773428173378774,0.09089694117969628,0.09192008499045921,0.08965783209987156,0.09043394150113106,0.087783616575055,0.08453271376348764,0.09076934108368691,0.08986960615018234,0.013153249301208644,0.013069091083910755,0.1006471265272228,0.0168727653617401,-0.02165335071286092,-0.015256162692158924,0.01782426407397541,0.018444237908953037,0.013153249301208644,0.013719989100955114,0.006064251849140819,0.0904099445293609,0.09000656989902234,0.017646783575223902,0.10537624887250585,0.061204955252640504,-0.0831958229666459,1.0,-0.11509019746244414,-0.06879764099853677,0.11308620098938625,0.09282881762676695,0.0891126300465719,0.09092373201679231,0.15215132881928364,0.0932846567723714,0.08858170459584752,0.09097299794132743,0.2007466369881646,0.05171749479135393,0.1492593398680798,-0.0036263303115407555,-0.020621619054150293,0.06022058206752327,0.05865384316803631,0.059466550996369064,0.0718859913989186,0.07453652519179983,0.07315179085784893,0.0738713331083797,0.07265931628487246,0.08124735832945384,0.08261704364636865
-0.03565877180305675,-0.09460534231461179,-0.09744428229758766,-0.09025570502280975,-0.0933124844671311,-0.20660325094884455,-0.20281045830732422,-0.09389955363894661,-0.0883667394692121,-0.04402728366325934,-0.043749483455953024,-0.2263847252025791,-0.012404849705258533,0.03160915567240012,0.023942586939380815,-0.06349220029895566,-0.046167825748621355,-0.04402728366325934,-0.02652323318316644,-0.018207668641876344,-0.0928486456364424,-0.09170787508287903,-0.04431609039344761,-0.3292234722730824,-0.16920469486550385,0.17780755001097567,-0.11509019746244414,1.0,0.8237361253082406,-0.9647411740133007,-0.10038214479076951,-0.08980815515366776,-0.09497717343026887,-0.4690957902847904,-0.10021351126264605,-0.08981849512858686,-0.09497445950921776,-0.4398587335593794,-0.08921659174641741,-0.4721287214001007,-0.014970610650626165,0.09798526863644397,-0.09705198845231933,-0.09301335137402938,-0.09521177531527762,-0.17113434611213238,-0.10921737140754013,-0.10552350045461677,-0.10753163065599905,-0.1732861658837779,-0.21441033540115417,-0.21738961327612877
-0.018844673171630404,-0.06219140088280402,-0.06517380674648579,-0.05822122368206797,-0.0612200369546217,-0.17339312762469766,-0.1709694051339632,-0.061592474983262695,-0.06055213766450115,-0.030923600371415873,-0.030654199813679936,-0.20568710671984397,-0.01664769701399916,0.016336772772267943,0.028264325027293338,-0.051195899486309,-0.04669560462289506,-0.030923600371415873,-0.025294752605716193,-0.009184903963549058,-0.06081720184611577,-0.05990315750882178,-0.03504221090594148,-0.31890221004405134,-0.1636486594725326,0.16152779996334676,-0.06879764099853677,0.8237361253082406,1.0,-0.9066063982428152,-0.06793309900386803,-0.0578366448101864,-0.06274835199109217,-0.463299193622834,-0.06761480871153815,-0.057944125921264085,-0.0627520904883801,-0.4053410649252083,-0.08182110478459474,-0.4700772789142896,-0.010373487337536607,0.11233894623716249,-0.05897170742650998,-0.054955663253079386,-0.0572597948459307,-0.16130106076855116,-0.06705489369161276,-0.06337357389116903,-0.06548219396473558,-0.16339500467366616,-0.20375109195678548,-0.2059659902904382
0.034184629216112414,0.09317072902135769,0.09627423078687376,0.08874628531249532,0.09201649956405661,0.20866147131527193,0.20498025427766758,0.09247419387712255,0.08743109630210252,0.03987447202471831,0.03958023434178641,0.23306203679741314,0.019050727478546494,-0.028404274342045545,-0.023193778019193832,0.06494642941893411,0.05215775551227872,0.03987447202471831,0.028947196064631774,0.012426667505863543,0.09156582159567127,0.09046464113304448,0.04284469592536419,0.34505623007299063,0.18137609787991535,-0.18978014998655263,0.11308620098938625,-0.9647411740133007,-0.9066063982428152,1.0,0.09940189461310313,0.08835901123006061,0.09377296992393361,0.4938988801423958,0.09924775930562532,0.08835266253957309,0.0937727022034585,0.45958545711163545,0.09744592085838122,0.4978221850033572,0.015019195324597853,-0.1099825642479425,0.08965282206413278,0.08532967977940412,0.08770153878340005,0.18107635590051077,0.10187811445607924,0.09792765780323101,0.10009268594450044,0.18325275174578703,0.22657850766621887,0.22949686335357058
0.8193892898829379,0.9997683471230032,0.9996368334513318,0.999498059923197,0.9992593958295004,0.11065296883102932,0.06266297143766456,0.9996191264062756,0.9650029486939952,0.02647256018772284,0.02649956691766185,-0.02955653632882062,-0.048165492303381956,-0.09760072514535499,0.006273897734514217,0.02998216104490633,-0.051978974292069595,0.02647256018772284,0.0008164465541392126,0.015421523361225993,0.9992090208265348,0.9985455731842535,0.05822243144358496,0.0024159075902033733,-0.026473851474115243,-0.001855863668079794,0.09282881762676695,-0.10038214479076951,-0.06793309900386803,0.09940189461310313,1.0,0.999768920384263,0.999929588811065,0.047063289800324114,0.9999855079072868,0.9997603111870568,0.999928963756215,0.05929770720290007,0.14526011444913428,-0.010441009314769368,0.031308090566725115,0.22500056847473962,0.23577715656632353,0.23802891967468665,0.23686589308394665,-0.02059312298920887,0.4556926576207862,0.4584284864349009,0.45704520299403634,0.0011988439349667867,-0.0367197766134437,-0.010506912411194476
0.8207920647898237,0.9998323173172665,0.9996405022016355,0.9996648892853546,0.9993681947039216,0.10395592054256639,0.05595759121230397,0.9997035936463904,0.965434016376834,0.024970675526452484,0.02500494621222144,-0.03671396331663735,-0.049153887014398254,-0.09762050396850809,0.006919547848513082,0.028114031120859414,-0.054267020898161496,0.024970675526452484,-0.0009933975415477765,0.014637851743567548,0.9993244569708944,0.9986954409190957,0.05698502053394793,-0.005057600765032483,-0.030266595427090353,0.004066898229484905,0.0891126300465719,-0.08980815515366776,-0.0578366448101864,0.08835901123006061,0.999768920384263,1.0,0.9999321407271062,0.02644539949385552,0.9997649865647412,0.9999848274554772,0.999932129680574,0.03908498634848179,0.14235551050999895,-0.030980278170872552,0.031705458268025934,0.22882474913868647,0.23180339602048117,0.2342517269601587,0.23298678487873195,-0.028934240984501477,0.4521586422801866,0.4550777203682788,0.45359966659473416,-0.007150560552240368,-0.043911044340561686,-0.017714482996793974
0.8201351804808952,0.9998582029833025,0.9996937487933546,0.9996361153933605,0.9993653468130433,0.1074033617167035,0.05940404217543865,0.9997175852855184,0.9653163296148286,0.025918118580926828,0.0259490199125553,-0.033169261044558855,-0.0485665266576456,-0.09763922070981623,0.006597389548732443,0.02941449902926625,-0.05307498463778322,0.025918118580926828,-0.00030088752023676123,0.015065621874675469,0.9993156777735501,0.9986660750702003,0.05772693669345601,-0.0013045883517109923,-0.02846439606992438,0.0009850430115785306,0.09092373201679231,-0.09497717343026887,-0.06274835199109217,0.09377296992393361,0.999929588811065,0.9999321407271062,1.0,0.03658723465290706,0.9999272555692735,0.9999262570192056,0.999998286043733,0.04904340256544527,0.14384582063291243,-0.020893702323533967,0.0314910637847255,0.22686934511517404,0.2339738747823064,0.23632481789727117,0.23511109796104088,-0.024737848441529806,0.4541055794704588,0.45693380393003674,0.45550342128189575,-0.002952944208371008,-0.04018056123350228,-0.013973499187773795
-0.027582144737436635,0.033328453273231425,0.03587077181867861,0.029112487494705696,0.03159011816289107,0.2976431194655821,0.29632120098410675,0.03248443220979962,0.01547486841852508,0.0588282450546767,0.05852341249134348,0.31468590014796655,0.041755697914092574,-0.0015346616299399191,-0.03109949183037348,0.08008700277887616,0.09247491934369115,0.0588282450546767,0.09049056879337425,0.026921869190614692,0.03138834219675432,0.03019486729408394,0.04410632093894954,0.309252323401345,0.15564658934525075,-0.259232596087178,0.15215132881928364,-0.4690957902847904,-0.463299193622834,0.4938988801423958,0.047063289800324114,0.02644539949385552,0.03658723465290706,1.0,0.04693621738104893,0.026356763058345136,0.03655910543907972,0.9691276018756194,0.13231347501540017,0.9931421393384524,-0.028427158844852876,-0.1587525955760678,0.1869226892332427,0.17787861627329166,0.18258835465824919,0.3907968510331228,0.1754429356550151,0.16704192820639302,0.17140642935494665,0.39204825544051486,0.3151804340467531,0.31694772520667963
0.8192542412425927,0.9997601004893755,0.9996368001888831,0.9994905172789184,0.9992574653451678,0.11115472211233991,0.06317644150436884,0.9996150836858254,0.964991716213838,0.026231974860794666,0.026258407401982244,-0.029216256189305897,-0.048074631065153105,-0.09761249630410124,0.006206295238458969,0.029844685402955526,-0.051992106107500984,0.026231974860794666,0.0009624039379899741,0.015207663758400046,0.9992103114033457,0.9985483293928733,0.058169634827081124,0.0027714716463934723,-0.02632089592637106,-0.00217918352635978,0.0932846567723714,-0.10021351126264605,-0.06761480871153815,0.09924775930562532,0.9999855079072868,0.9997649865647412,0.9999272555692735,0.04693621738104893,1.0,0.9997561502457799,0.9999289311763793,0.05972389722200497,0.14522869787393644,-0.010565292006229065,0.03133818623536966,0.2249114580502393,0.2358864372548514,0.2381341545516454,0.23697363700738355,-0.02043970716413146,0.45578290239946667,0.4585150836763807,0.45713407031949777,0.0013443408348968395,-0.036200974639653806,-0.00999481046231294
0.820713983654833,0.9998206983953527,0.9996277540650307,0.9996614812212338,0.9993645001417558,0.10353005606966202,0.05552429359610514,0.9996965462878986,0.9654364356417149,0.024729322077872623,0.0247641169957721,-0.037140606581010364,-0.049245711806000576,-0.09772864925418497,0.006941938265522465,0.028052145220601413,-0.05417589976637074,0.024729322077872623,-0.0006787833529861511,0.014381800887516815,0.9993262608378293,0.9987017160121618,0.05682387982452017,-0.005488350292741305,-0.030590190948048653,0.0042003245615980025,0.08858170459584752,-0.08981849512858686,-0.057944125921264085,0.08835266253957309,0.9997603111870568,0.9999848274554772,0.9999262570192056,0.026356763058345136,0.9997561502457799,1.0,0.9999288313951277,0.038412974609798624,0.14230298971705926,-0.031081370877646522,0.03180932497173914,0.22888537194672223,0.2316294413121316,0.23408411430628298,0.23281599256521918,-0.029223881563787683,0.4520014871867754,0.45492644643344543,0.4534454717616927,-0.007437762745344628,-0.04426560937992413,-0.01806498203640962
0.8199871618685269,0.9998506527434453,0.999691223866916,0.9996352437457353,0.999368805201806,0.10732983917873816,0.05933205465100546,0.9997161914375221,0.9653078266058615,0.025551778174607926,0.025582663893748227,-0.03319861702614808,-0.04861123691540657,-0.09768114575305878,0.006631503595029277,0.029191582732525232,-0.05310231876694539,0.025551778174607926,-1.1317399556774306e-05,0.014747391778314946,0.9993237501342257,0.9986781850141709,0.057581645454384024,-0.001376421458424399,-0.02852148191622911,0.0009806895889400067,0.09097299794132743,-0.09497445950921776,-0.0627520904883801,0.0937727022034585,0.999928963756215,0.999932129680574,0.999998286043733,0.03655910543907972,0.9999289311763793,0.9999288313951277,1.0,0.04901110121864788,0.14393719789574747,-0.02092260511421812,0.03155310167289688,0.2269363189408153,0.2338662022923741,0.2362182566695685,0.23500378026788662,-0.024805139911348348,0.4539989121235961,0.4568282614501344,0.4553971331383287,-0.0030229633348813224,-0.04022273873247124,-0.014018724590718859
