index,closePrice,highPrice,lowPrice,openPrice,totalValue,totalVolume,vwap,bcClosePrice,ret,retLog,retVar,retSkr,retKur,retAc,retBc,corrBc,label,label5,retTrackBc,ma5,ma10,ma20,maDiff20,maDiff10,priceAmp,sIndicator,index,spread_max,spread_min,spread_mean,spread_std,lastPrice_max,lastPrice_min,lastPrice_mean,lastPrice_std,midPrice_max,midPrice_min,midPrice_mean,midPrice_std,trackError_max,trackError_std,midSpread_z_score_,deal_sum,volumePerDeal_max,volumePerDeal_min,volumePerDeal_mean,volumePerDeal_std,valuePerDeal_max,valuePerDeal_min,valuePerDeal_mean,valuePerDeal_std,volumePerDeal,valuePerDeal
1.0,-0.8664165585873599,-0.866943199834737,-0.8652755669160117,-0.8656714031187989,-0.3091101283354037,-0.262732480032649,-0.8660670410413299,-0.7744556629185096,0.0032004517390964884,0.0031292184195171715,0.0585808466374333,0.11914021641225178,0.08691349581777533,-0.07374184344868667,0.0015648703313743979,0.1572774521057407,0.0032004517390964884,-0.01330948797886229,0.0026617621175754197,-0.8659747351010135,-0.8654161562146973,-0.8646547910740313,0.042252574114248695,0.019597078126292657,-0.024707451111349716,0.08141874951943581,0.09319662306013107,-0.010208509938436347,0.03339143435242472,0.020076424945948357,-0.029398396570473023,-0.8672996241609995,-0.8657734337122607,-0.8666088714519804,-0.08259184193730047,-0.8672326983704514,-0.865374579892511,-0.866459910145121,-0.09530388616584981,0.16275582383482223,-0.022928850633753578,-0.010563626179372164,-0.09529332804000029,-0.45313299999221013,-0.4546351931404209,-0.4538911791891549,-0.08489682329684975,-0.7103840848012992,-0.7124274154662662,-0.7114227902256903,-0.11463848649811467,-0.15140932894977419,-0.17984105401224468
-0.8664165585873599,1.0,0.9998110241510486,0.9997136698851593,0.9994129658848826,0.17332882007374573,0.11747198785046775,0.9998170493130805,0.9725212282945104,-0.0014500318765063311,-0.0012916191178814897,-0.1361052259621647,-0.137799974933277,-0.08326212875781144,0.06883828540188382,-0.016469685956644314,-0.10490375098010472,-0.0014500318765063311,-0.056460091802617705,0.01446552521386482,0.9992013242578474,0.998150448406223,0.9958434238507936,-0.023314758894117833,-0.01041678128001791,-0.04278916396688645,-0.09407078989348032,0.03420141782867119,0.0035690990978575715,0.000322858556359822,0.0035520728056946584,-0.002474284670340255,0.9997593500645029,0.9998063886613263,0.9998491144577285,0.02175854077721905,0.9997602839030256,0.9998030342005385,0.9998415012247698,0.023201858022970236,-0.1834837066454371,-0.04630326060819915,0.017814216387012364,0.011435694893466233,0.34245931764358317,0.3444834953067229,0.34345786307318393,0.0302656714908334,0.6769922949389559,0.6799193918394159,0.6784582401899529,0.06363910156286325,0.08261313855502446,0.11634301089979009
-0.866943199834737,0.9998110241510486,1.0,0.9996825845067837,0.9996984980542619,0.1775624408865201,0.12170811883718782,0.9998925547740373,0.9720751349478348,-0.014874407465438465,-0.014738741500478152,-0.1326879675434317,-0.13713952376198266,-0.083602307222081,0.07020912891108477,-0.02438893429682151,-0.10236886138252096,-0.014874407465438465,-0.056708406686822484,0.0046483865454747305,0.9993736263460893,0.9983083738111713,0.995946378987645,-0.022365407042371162,-0.009992560878646571,-0.03419836032582809,-0.08804925957534472,0.03158617729468376,0.0035575702710601413,-0.0032173264039681423,-0.00026015574020941447,0.001194639620481296,0.9995850041256084,0.9995761644767279,0.9996370523130914,0.0239680063566076,0.9995911053083758,0.9995772587904591,0.9996345834424158,0.025330074718234605,-0.18270614426368179,-0.044021423140200806,0.018187399670363827,0.010240558468994538,0.34424387845802645,0.3462230627481166,0.3452168513527289,0.03256261827101712,0.6782947588227765,0.6811833952694235,0.6797391872922222,0.06589886851415401,0.08767392802249219,0.12142187827207775
-0.8652755669160117,0.9997136698851593,0.9996825845067837,1.0,0.9998021755382631,0.1677229268512202,0.11174845068819486,0.9999087260756843,0.9727776337044908,-0.021017874777803522,-0.020836477860474198,-0.14246510181846783,-0.14278174976587882,-0.08459386823237063,0.06915807414780793,-0.03113086584859879,-0.10737868650074442,-0.021017874777803522,-0.05659254759278918,0.0032558774914317515,0.999508630169678,0.9985625966165973,0.9963251281187355,-0.02575403924564959,-0.013576080076731046,-0.059339437700698015,-0.10622669268894812,0.03643714628910081,0.002787671358274916,0.005653024570848152,0.008921966794657125,-0.00787633098044654,0.9993672742040861,0.9995512961738349,0.9995167503098334,0.016241406428448898,0.9993688183609439,0.9995536599013822,0.9995134176912671,0.01763729356215774,-0.18788750587677103,-0.051721772825447446,0.017914483243805557,0.012298428370533614,0.3402363740312049,0.34229812198315107,0.3412523256625135,0.02806273452454476,0.6755193244622256,0.678481152900769,0.6770016536019791,0.06142791063951593,0.07831290388795008,0.11210208371112954
-0.8656714031187989,0.9994129658848826,0.9996984980542619,0.9998021755382631,1.0,0.17202328442173948,0.11608208808431449,0.9998224225505722,0.9722977560356585,-0.03438094045903538,-0.03422242633604049,-0.13944956404377437,-0.14247719853131846,-0.08486447357699874,0.07020506742662336,-0.03857880951777916,-0.10519345043487997,-0.03438094045903538,-0.05669713236098372,-0.006949100114969339,0.9995773467093649,0.9986338252138373,0.9963642253301519,-0.025348213021256703,-0.01365435406194217,-0.05099030889679897,-0.10014619193715633,0.03423290285568397,0.0030338969047149114,0.002476721592946526,0.0056002660783163825,-0.004632236842553288,0.9990779321547326,0.999206725740884,0.9991899005867902,0.018440994913299466,0.9990815675730361,0.9992138819927081,0.9991909793467576,0.01969826274297336,-0.18753840197795804,-0.0494816600958602,0.018271434135382437,0.011227308983714103,0.34183964823941937,0.3438584521109099,0.342830317021191,0.03018766882165143,0.6766705713021345,0.679595835901554,0.6781317270716768,0.06351993922578499,0.08386592500084256,0.11763352949730509
-0.3091101283354037,0.17332882007374573,0.1775624408865201,0.1677229268512202,0.17202328442173948,1.0,0.9976894054088539,0.17200924300730336,0.13276037941744215,0.0280664213682582,0.027454644599914778,0.1820999056933054,0.03257616192430961,-0.073026925907019,0.07445162521636575,0.03219521298048876,-0.08951979185722744,0.0280664213682582,0.043641807159648285,0.004974860169589682,0.17025564887125139,0.16753985332915863,0.1647890617721013,0.06388185572688032,0.07435437765353176,0.3773564792559533,0.015368651167815937,-0.14796459014457516,0.024668981669886344,-0.22318090988590578,-0.20340519475936067,0.2195087276629695,0.1772003721302573,0.17092953981503686,0.17396062579808497,0.25119839726554233,0.17715277539181182,0.17050839224666164,0.17388127912984191,0.26426300567152616,0.08068228749289623,0.23860273514240185,0.020321591713958878,0.03111323937732579,0.32644824204558837,0.32160714053269,0.3239731264931659,0.2836269604389796,0.31908729486593146,0.31496501310229047,0.3169773363356587,0.2918549332325502,0.70412426346469,0.708440205983894
-0.262732480032649,0.11747198785046775,0.12170811883718782,0.11174845068819486,0.11608208808431449,0.9976894054088539,1.0,0.11605955111559108,0.07867637396179704,0.03161622126548599,0.030971363998118735,0.19585803132376228,0.043881587937164575,-0.06678041553777463,0.07054866980721584,0.03844104632882772,-0.08394025952215972,0.03161622126548599,0.04863046697095535,0.0034425458592123584,0.11434349144643192,0.11165627920210963,0.10898548820982483,0.0662860506395894,0.07584420478114702,0.38539728354257025,0.02040042118730186,-0.1519897990087513,0.024222767904750742,-0.2237169528072036,-0.20408958437673436,0.2202386883528963,0.12138268257583008,0.1150931974783761,0.11812511811296657,0.2507269690423678,0.12134946525375653,0.11466417937293105,0.11804727368290172,0.2642299467035062,0.08718723509479159,0.24216647439054764,0.020176927918893424,0.03023842752371202,0.3061022432000789,0.3010183645341141,0.3035081441121926,0.28676878441745546,0.2805238934398985,0.2761508865268113,0.2782896388866066,0.29266673928725356,0.708452473481225,0.7098637029947964
-0.8660670410413299,0.9998170493130805,0.9998925547740373,0.9999087260756843,0.9998224225505722,0.17200924300730336,0.11605955111559108,1.0,0.9724592508933743,-0.018541905872289464,-0.01838420144571491,-0.13748781095795679,-0.13979269001840172,-0.08394578927187102,0.06966475179939075,-0.028065257951877566,-0.10506642140391259,-0.018541905872289464,-0.056431115425099765,0.003470621842410546,0.9994806246278368,0.9984440285940961,0.9960816906526837,-0.022765414695138077,-0.010857056510156669,-0.0474107768950105,-0.0975341040846702,0.03442766534268824,0.003249893383172741,0.0018910859309163126,0.005235559105571198,-0.004094572649207639,0.9995280729812969,0.999623744102335,0.9996343745661858,0.019811220187257998,0.9995320209140994,0.9996250661973916,0.9996314673866578,0.021228699957932397,-0.18407309781495712,-0.04815617268686619,0.017838802776686816,0.011821175836053022,0.3422502171023885,0.3442825583681451,0.3432512512548082,0.029888553085544493,0.67681765876146,0.6797515930436049,0.6782858751141165,0.06323470616357066,0.08206644015453998,0.11586801824220824
-0.7744556629185096,0.9725212282945104,0.9720751349478348,0.9727776337044908,0.9722977560356585,0.13276037941744215,0.07867637396179704,0.9724592508933743,1.0,-0.008024858820241471,-0.007855638943310142,-0.15309055559857518,-0.13909438196155563,-0.08022054753275396,0.061475048918991165,-0.012374482449442337,-0.09825903419829851,-0.008024858820241471,-0.05806679517777934,0.0017287373570228155,0.9721458216545861,0.9713945191320992,0.9698424398844537,-0.036042395516792135,-0.018271197263666168,-0.07234688421949363,-0.10600981278368385,0.01572180725120099,-0.005149686783436535,0.020323382804774043,0.019893681293951693,-0.022633409557581394,0.9720333758206203,0.9728280078160012,0.972476571813867,-0.007913766986810417,0.9720659410470549,0.972939541885271,0.9725124428128761,-0.009701697933771312,-0.1932126733257469,-0.07427135404889944,0.016905460403380923,-0.0446461672305857,0.2867066501162264,0.2882175000989809,0.287423685698624,0.03042399263111692,0.6237723414131082,0.6263431130867189,0.6250402510118294,0.06358399242231384,0.08203734819936664,0.11586885133367276
0.0032004517390964884,-0.0014500318765063311,-0.014874407465438465,-0.021017874777803522,-0.03438094045903538,0.0280664213682582,0.03161622126548599,-0.018541905872289464,-0.008024858820241471,1.0,0.9999953333923903,0.11108509720106022,0.15148815758534295,0.06157886830837073,-0.03477982353616135,0.6583783327914028,0.020438404209872932,1.0,0.00038102468914084225,0.6632167224100768,-0.03028001291946843,-0.03369354511609717,-0.03538238476439079,0.07285462106151336,0.10371404401289007,0.25154931127791547,0.18504888549458504,-0.005871604258567093,0.010412373847160247,-0.06451287719149182,-0.0584622249696497,0.06357843913421204,0.001254518641217905,-0.001146974855564989,0.0006079567847950877,0.09838967307928992,0.001232049040810704,-0.001460872182396422,0.00034635159927239224,0.10602372086887725,0.12917970460819117,0.0949205977810062,-0.013515379844738221,0.0004653194806109133,0.009836680909775866,0.009842245779666754,0.009959902666354608,0.005273357129359512,-0.005293183940648331,-0.005384988201002366,-0.005252097306604389,0.0060110329242132575,-0.046348750124812786,-0.047659473427123525
0.0031292184195171715,-0.0012916191178814897,-0.014738741500478152,-0.020836477860474198,-0.03422242633604049,0.027454644599914778,0.030971363998118735,-0.01838420144571491,-0.007855638943310142,0.9999953333923903,1.0,0.1100194740551108,0.15043745317482624,0.061217783287526736,-0.03484764755937607,0.6576681167248705,0.02012948182030124,0.9999953333923903,0.00017708598488694829,0.663916769097561,-0.030119876862480514,-0.033527154309186125,-0.03521113470949204,0.07268934358377979,0.10351961052254968,0.24967246734407597,0.18363485091553206,-0.00568304248767936,0.01037996363004679,-0.06416947658803697,-0.05813304262139826,0.06325583610012565,0.0014058518730299958,-0.0009868582155647715,0.0007642966754800855,0.09799640014666375,0.001382533675285244,-0.0013003755362650837,0.0005022263834882756,0.10562628054658929,0.1289394442658814,0.09452801400570038,-0.013540167047702566,0.0005075804259750314,0.009782300034681399,0.009793838657384224,0.009908913686364401,0.00500164982652153,-0.005258893960444588,-0.005345610572510938,-0.005214953157462045,0.005746876861428734,-0.04688445376054432,-0.04818217544724387
0.0585808466374333,-0.1361052259621647,-0.1326879675434317,-0.14246510181846783,-0.13944956404377437,0.1820999056933054,0.19585803132376228,-0.13748781095795679,-0.15309055559857518,0.11108509720106022,0.1100194740551108,1.0,0.7826336712785176,0.2196073286184547,0.07999800661636029,0.15769266299098214,0.2937436140083409,0.11108509720106022,0.0370949321870267,-0.010404607412998096,-0.14367656131360548,-0.1550287283420449,-0.16980902319207847,0.37233685208340006,0.3467196848116027,0.4015921331876214,0.29365904892570566,-0.199833595763217,0.017255059688741234,-0.15871865642216354,-0.1563424739569329,0.17115328255107895,-0.1327352412627942,-0.1384435239968065,-0.13570310859727142,0.24200850190944384,-0.13249529764575288,-0.1389356503056117,-0.13578132962346348,0.2574368519687491,0.30157106759207497,0.26177979682619645,0.008329789833328842,-0.06186862561584419,0.0867573170060019,0.08321411127157774,0.08492499502893722,0.15577202711172103,-0.008975781975360544,-0.012268049437079773,-0.010677635025067888,0.15036863906904377,0.20438031842792914,0.19812034483349347
0.11914021641225178,-0.137799974933277,-0.13713952376198266,-0.14278174976587882,-0.14247719853131846,0.03257616192430961,0.043881587937164575,-0.13979269001840172,-0.13909438196155563,0.15148815758534295,0.15043745317482624,0.7826336712785176,1.0,0.2994187376784926,0.016662810620032234,0.19909625069683554,0.16286491044894905,0.15148815758534295,0.040523293732170194,0.0016720663937351248,-0.1469537079834569,-0.15733580774570463,-0.16647574669889684,0.2809216067451554,0.31774484220308336,0.24036726496091435,0.18378887405743183,0.03074903274367067,0.006304229157942671,-0.05276920607645979,-0.05065393845416926,0.05333649681592347,-0.1359886744452581,-0.1384299861908979,-0.13726301414349565,0.11120136537419682,-0.13584010520653764,-0.13868441551583094,-0.13734604990923524,0.1196519489227638,0.20947899297798347,0.12706996261928946,0.008247722382820923,0.07921115212489073,-0.09589170560210382,-0.09592786583040012,-0.09591644865411338,-0.026311229560531915,-0.14609587895996926,-0.14632727757224737,-0.14622220790198504,-0.030180536261673382,-0.02508203005001409,-0.028932430843663086
0.08691349581777533,-0.08326212875781144,-0.083602307222081,-0.08459386823237063,-0.08486447357699874,-0.073026925907019,-0.06678041553777463,-0.08394578927187102,-0.08022054753275396,0.06157886830837073,0.061217783287526736,0.2196073286184547,0.2994187376784926,1.0,0.0052834160166404485,0.07699482562869357,0.09495870764483283,0.06157886830837073,-0.01813085276421559,0.004593802501300914,-0.08620089767855549,-0.08831519140867627,-0.0888809373396399,0.04318249894514095,0.06707092709411921,0.047153657370777806,0.030529472593559627,-0.044310669479359584,0.009520791053823734,-0.0008835532397763985,-0.011340519603361073,0.0035656318534154547,-0.08300505211319406,-0.08291888690175406,-0.08297039681070352,-0.0010397819060256185,-0.08294156236523012,-0.08299927859959688,-0.08304304341139664,0.0019574782129007456,-0.059258165069690984,0.00463942412801177,-0.020542342229471672,-0.04992781411099245,-0.0012550518827980051,-0.0005863248428610227,-0.0009017831469954994,-0.027732784761088685,-0.025391286503110108,-0.02498723400647459,-0.025171784618828182,-0.029337173284498638,-0.04738798919576158,-0.04992885660244076
-0.07374184344868667,0.06883828540188382,0.07020912891108477,0.06915807414780793,0.07020506742662336,0.07445162521636575,0.07054866980721584,0.06966475179939075,0.061475048918991165,-0.03477982353616135,-0.03484764755937607,0.07999800661636029,0.016662810620032234,0.0052834160166404485,1.0,-0.06814667877315805,0.07090297339665985,-0.03477982353616135,-0.010462177748613714,0.021925756896585293,0.07097625265190845,0.07152464385169159,0.0721270657710709,-0.02091732661581504,-0.019437772159558123,0.03662734732781804,0.010968692543580695,-0.07229719595085067,-0.00531113203619009,-0.028970465296213842,-0.06429646603796979,0.04258103975742302,0.06892163995450076,0.06797851857449264,0.06836924016138941,0.03946226255814631,0.06907403219316524,0.06811566438755703,0.06844582359139038,0.0338831001969544,-0.06294247239339508,0.03469612866074887,0.019652956898280075,-0.059315322768629754,0.00022433511221206325,-0.002042096648327185,-0.0009975568009000413,0.07886798427458358,0.03339548309204078,0.031786059179018056,0.032525521257641014,0.08197349901028252,0.10110600778269567,0.10368343421228741
0.0015648703313743979,-0.016469685956644314,-0.02438893429682151,-0.03113086584859879,-0.03857880951777916,0.03219521298048876,0.03844104632882772,-0.028065257951877566,-0.012374482449442337,0.6583783327914028,0.6576681167248705,0.15769266299098214,0.19909625069683554,0.07699482562869357,-0.06814667877315805,1.0,0.031111461136733885,0.6583783327914028,0.09311096296695484,-0.12668418224454214,-0.0365186205186432,-0.03958135623212118,-0.040740984707281235,0.0610907531849534,0.09344832553135478,0.27987451878447134,0.19777070282959425,-0.011746667283493528,0.028322779315988245,-0.09441946133646552,-0.0748222694293112,0.09059209284450295,-0.011210296064324832,-0.014373557179525796,-0.012370223592898862,0.13544225549408714,-0.011183337031112853,-0.014712130253448738,-0.012502760392649517,0.14182598209807426,0.11864614299882333,0.13445058325548226,-0.003527180414746979,0.0007281514553504725,0.016056239974382103,0.0162807036246679,0.016342831198219124,0.0010905255407951072,-0.0041116615960099375,-0.00407111772203648,-0.003960068300611932,0.001709806418789234,-0.018493232159689805,-0.020642940848091432
0.1572774521057407,-0.10490375098010472,-0.10236886138252096,-0.10737868650074442,-0.10519345043487997,-0.08951979185722744,-0.08394025952215972,-0.10506642140391259,-0.09825903419829851,0.020438404209872932,0.02012948182030124,0.2937436140083409,0.16286491044894905,0.09495870764483283,0.07090297339665985,0.031111461136733885,1.0,0.020438404209872932,0.02401680642102403,-0.004000248910846759,-0.10599430205474021,-0.10743769091705581,-0.11011345597604903,0.06451785139964086,0.04776765419373623,0.20680360638742926,0.2049127071548178,-0.3551644775295982,0.03067628643500261,-0.13332200877619652,-0.14195043820513722,0.15140158827667524,-0.10233716727304712,-0.10668835053616892,-0.10479703987197836,0.17543074517039606,-0.10229062782107319,-0.106712244193893,-0.10467462904252557,0.18072216871179306,0.053798989724340905,0.1872503647929453,-0.0216644622476718,-0.3648267082337534,-0.06503550271259481,-0.07064466734461437,-0.06793789176871565,0.18076373803712334,-0.09250741036682374,-0.09688992280229779,-0.09477499159107639,0.17462831021808925,0.19256815984133605,0.18580149825366418
0.0032004517390964884,-0.0014500318765063311,-0.014874407465438465,-0.021017874777803522,-0.03438094045903538,0.0280664213682582,0.03161622126548599,-0.018541905872289464,-0.008024858820241471,1.0,0.9999953333923903,0.11108509720106022,0.15148815758534295,0.06157886830837073,-0.03477982353616135,0.6583783327914028,0.020438404209872932,1.0,0.00038102468914084225,0.6632167224100768,-0.03028001291946843,-0.03369354511609717,-0.03538238476439079,0.07285462106151336,0.10371404401289007,0.25154931127791547,0.18504888549458504,-0.005871604258567093,0.010412373847160247,-0.06451287719149182,-0.0584622249696497,0.06357843913421204,0.001254518641217905,-0.001146974855564989,0.0006079567847950877,0.09838967307928992,0.001232049040810704,-0.001460872182396422,0.00034635159927239224,0.10602372086887725,0.12917970460819117,0.0949205977810062,-0.013515379844738221,0.0004653194806109133,0.009836680909775866,0.009842245779666754,0.009959902666354608,0.005273357129359512,-0.005293183940648331,-0.005384988201002366,-0.005252097306604389,0.0060110329242132575,-0.046348750124812786,-0.047659473427123525
-0.01330948797886229,-0.056460091802617705,-0.056708406686822484,-0.05659254759278918,-0.05669713236098372,0.043641807159648285,0.04863046697095535,-0.056431115425099765,-0.05806679517777934,0.00038102468914084225,0.00017708598488694829,0.0370949321870267,0.040523293732170194,-0.01813085276421559,-0.010462177748613714,0.09311096296695484,0.02401680642102403,0.00038102468914084225,1.0,-0.09208186954061623,-0.05594390402533837,-0.05635060304217856,-0.05614504215514329,0.006700282715357173,0.014554307413237155,0.0010259105650121316,-0.026546429350307172,-0.016291173786307803,-0.003521386534998536,-0.029639238410057184,-0.01965255395653311,0.029516433231029586,-0.05024694603879855,-0.05061869045531086,-0.05076615699635146,0.018912472014352383,-0.05002542406572742,-0.050826869365312846,-0.050567050964936675,0.02155125662479148,-0.005239574527689805,0.01962987969234919,-0.030701284667504332,-0.0021721867282381213,0.030797974120759568,0.030904163436271996,0.030720703344477684,0.009726513755295934,0.0058368899989719066,0.005792318510393234,0.005710505462801484,0.007557522244390649,0.02147738353141684,0.019243113899233548
0.0026617621175754197,0.01446552521386482,0.0046483865454747305,0.0032558774914317515,-0.006949100114969339,0.004974860169589682,0.0034425458592123584,0.003470621842410546,0.0017287373570228155,0.6632167224100768,0.663916769097561,-0.010404607412998096,0.0016720663937351248,0.004593802501300914,0.021925756896585293,-0.12668418224454214,-0.004000248910846759,0.6632167224100768,-0.09208186954061623,1.0,-0.00359314429064083,-0.005046330189945888,-0.006118933983694805,0.03526783261585429,0.04376206254915794,0.053218450377596795,0.04721875620041634,0.003942182741166966,-0.01444034422861901,0.00886558068464893,-0.002646735605223309,-0.006291339797955505,0.01280014369969373,0.01278064874219262,0.013101422883800071,-0.005011030221255981,0.012743725248238948,0.012703630129526331,0.012888448233254253,-0.001297953607276433,0.05226725506297433,-0.008596757138500322,-0.014304281785796765,-0.00011080042022923059,-0.003001914109587145,-0.003217773659171917,-0.0031244932610348195,0.005865240202850355,-0.0028873311251783585,-0.0030486315359314693,-0.002983919690161562,0.00622162416730925,-0.0426930106760976,-0.04228282970296388
-0.8659747351010135,0.9992013242578474,0.9993736263460893,0.999508630169678,0.9995773467093649,0.17025564887125139,0.11434349144643192,0.9994806246278368,0.9721458216545861,-0.03028001291946843,-0.030119876862480514,-0.14367656131360548,-0.1469537079834569,-0.08620089767855549,0.07097625265190845,-0.0365186205186432,-0.10599430205474021,-0.03028001291946843,-0.05594390402533837,-0.00359314429064083,1.0,0.9994450445568336,0.9973981389272741,-0.03385204686679412,-0.025333257776848472,-0.05217334024502982,-0.10106042857698208,0.0345820873559189,0.0026503469889475975,0.0012298457687333522,0.0042917876404889085,-0.0031852002554034783,0.9989155251038302,0.9990651194580606,0.9990332967530253,0.01776000884803209,0.9989215274570804,0.9990764324726279,0.9990404258466363,0.01885954335668634,-0.19207163368898375,-0.05032647989145098,0.018294581719082163,0.011382559222236932,0.3415671391996294,0.3435881216873643,0.3425619847348541,0.030000586411269764,0.6768609084440087,0.6797889331358753,0.6783257287317371,0.06341263887866347,0.0835964069809522,0.11730998719823012
-0.8654161562146973,0.998150448406223,0.9983083738111713,0.9985625966165973,0.9986338252138373,0.16753985332915863,0.11165627920210963,0.9984440285940961,0.9713945191320992,-0.03369354511609717,-0.033527154309186125,-0.1550287283420449,-0.15733580774570463,-0.08831519140867627,0.07152464385169159,-0.03958135623212118,-0.10743769091705581,-0.03369354511609717,-0.05635060304217856,-0.005046330189945888,0.9994450445568336,1.0,0.9988017528684296,-0.060966104066856736,-0.05861921090764352,-0.056899550288769855,-0.10424654806305492,0.034903627575518084,0.001947703581506303,0.0017496605324128286,0.004662586558030267,-0.0037562781181736614,0.9978123426120903,0.9980419236689896,0.997964757570669,0.0142812192884309,0.9978225904646201,0.9980608925819474,0.9979775055497674,0.015410386352643496,-0.2021718620127312,-0.054089324832437585,0.018522725410331762,0.01105901174145752,0.34101730003117975,0.34299554155258727,0.34199161572036263,0.03136625768150976,0.6770651309397632,0.6799609145949137,0.6785143808750197,0.06493627473170349,0.0846036369910037,0.11830560916581069
-0.8646547910740313,0.9958434238507936,0.995946378987645,0.9963251281187355,0.9963642253301519,0.1647890617721013,0.10898548820982483,0.9960816906526837,0.9698424398844537,-0.03538238476439079,-0.03521113470949204,-0.16980902319207847,-0.16647574669889684,-0.0888809373396399,0.0721270657710709,-0.040740984707281235,-0.11011345597604903,-0.03538238476439079,-0.05614504215514329,-0.006118933983694805,0.9973981389272741,0.9988017528684296,1.0,-0.1058125421533159,-0.08400214093855024,-0.0617921939655897,-0.10820389814895695,0.033879924996435155,0.0017866853606480818,0.0025532907830250803,0.004320154394244949,-0.004312781105490563,0.9954429422555473,0.9957733403839281,0.9956281781846645,0.009748248118704077,0.9954384813323994,0.9957903955073553,0.9956402354706451,0.010483288058832849,-0.2225181768598613,-0.059115385232303704,0.018936199258094588,0.008675527587679189,0.3415421093097684,0.3434076802441291,0.34246004583389683,0.0357841612769895,0.6786931722855369,0.6815001280539194,0.6800978674176572,0.06968412705337414,0.08787950544960366,0.12159415584100054
0.042252574114248695,-0.023314758894117833,-0.022365407042371162,-0.02575403924564959,-0.025348213021256703,0.06388185572688032,0.0662860506395894,-0.022765414695138077,-0.036042395516792135,0.07285462106151336,0.07268934358377979,0.37233685208340006,0.2809216067451554,0.04318249894514095,-0.02091732661581504,0.0610907531849534,0.06451785139964086,0.07285462106151336,0.006700282715357173,0.03526783261585429,-0.03385204686679412,-0.060966104066856736,-0.1058125421533159,1.0,0.8151344801286724,0.1370002618893618,0.10610082152368555,0.007316419781494329,0.011788155636617054,-0.018433733463076883,-0.0006933616741470909,0.01585507189814036,-0.02170486111108849,-0.024221916037436203,-0.022648395222416948,0.10983016777525426,-0.02156022192828769,-0.024302313494962445,-0.02271721629767663,0.11480649889210745,0.43552957656222535,0.12536503451940234,-0.010174358473339126,0.036733351995327984,-0.02353648293896118,-0.021523229918341064,-0.022539808485002474,-0.08227902240485009,-0.07273013061610575,-0.07125641411038643,-0.07199900332178594,-0.09137954669088158,-0.06522458245227505,-0.0675967823682788
0.019597078126292657,-0.01041678128001791,-0.009992560878646571,-0.013576080076731046,-0.01365435406194217,0.07435437765353176,0.07584420478114702,-0.010857056510156669,-0.018271197263666168,0.10371404401289007,0.10351961052254968,0.3467196848116027,0.31774484220308336,0.06707092709411921,-0.019437772159558123,0.09344832553135478,0.04776765419373623,0.10371404401289007,0.014554307413237155,0.04376206254915794,-0.025333257776848472,-0.05861921090764352,-0.08400214093855024,0.8151344801286724,1.0,0.14402774097145093,0.09986113870238278,-0.011101690812171008,0.020975570898838034,-0.015651667857825426,-0.011308155499426507,0.017272212942200285,-0.008835019847652299,-0.011241761676167392,-0.009879636414841226,0.10365536729577833,-0.008962682477494767,-0.011471995913511585,-0.010048562699907908,0.10271990504650433,0.31118007612129284,0.11503888907475582,-0.007614913337224369,0.009231971922467903,0.002159402267418605,0.0033572338037864305,0.0027337468180142805,-0.04224447582255114,-0.034548827618000044,-0.033704191593952194,-0.034143054418752476,-0.048388012332187154,-0.033737761087547724,-0.034804956995182414
-0.024707451111349716,-0.04278916396688645,-0.03419836032582809,-0.059339437700698015,-0.05099030889679897,0.3773564792559533,0.38539728354257025,-0.0474107768950105,-0.07234688421949363,0.25154931127791547,0.24967246734407597,0.4015921331876214,0.24036726496091435,0.047153657370777806,0.03662734732781804,0.27987451878447134,0.20680360638742926,0.25154931127791547,0.0010259105650121316,0.053218450377596795,-0.05217334024502982,-0.056899550288769855,-0.0617921939655897,0.1370002618893618,0.14402774097145093,1.0,0.7262150499517311,-0.19343694475911472,0.029974952889467842,-0.3467145094923031,-0.35890133917674183,0.3546949650390264,-0.03802535302761573,-0.04559344266278147,-0.041851501101047954,0.30217885074272627,-0.03783721665200253,-0.045647932378715256,-0.04181394465935801,0.30107738894706076,0.21519149293534182,0.304516561395033,0.010371306509869617,-0.08222315197225145,0.13714095122124262,0.1337494340891489,0.13537011936589965,0.17634110111095283,0.07383824119327906,0.07079619757107668,0.07225916537552256,0.17343017760807994,0.3634502967917668,0.35978207594340267
0.08141874951943581,-0.09407078989348032,-0.08804925957534472,-0.10622669268894812,-0.10014619193715633,0.015368651167815937,0.02040042118730186,-0.0975341040846702,-0.10600981278368385,0.18504888549458504,0.18363485091553206,0.29365904892570566,0.18378887405743183,0.030529472593559627,0.010968692543580695,0.19777070282959425,0.2049127071548178,0.18504888549458504,-0.026546429350307172,0.04721875620041634,-0.10106042857698208,-0.10424654806305492,-0.10820389814895695,0.10610082152368555,0.09986113870238278,0.7262150499517311,1.0,-0.12691607945419606,0.0391322721144312,-0.1996181961852448,-0.2165622020801641,0.21039014725622995,-0.09144542395293119,-0.0959293710354188,-0.09367729976642254,0.18166155101917134,-0.09128460663869918,-0.09600074808119632,-0.09367244190287595,0.1824928940918825,0.15664795798762282,0.18801435497175184,-0.012632605930953519,-0.0797288440446816,0.015105576372986804,0.013710084161097398,0.014404408022420424,0.0579367493310308,-0.03794399244439812,-0.039291984621418946,-0.03861770160001227,0.05399037768593351,0.06386666917715124,0.06094678738795556
0.09319662306013107,0.03420141782867119,0.03158617729468376,0.03643714628910081,0.03423290285568397,-0.14796459014457516,-0.1519897990087513,0.03442766534268824,0.01572180725120099,-0.005871604258567093,-0.00568304248767936,-0.199833595763217,0.03074903274367067,-0.044310669479359584,-0.07229719595085067,-0.011746667283493528,-0.3551644775295982,-0.005871604258567093,-0.016291173786307803,0.003942182741166966,0.0345820873559189,0.034903627575518084,0.033879924996435155,0.007316419781494329,-0.011101690812171008,-0.19343694475911472,-0.12691607945419606,1.0,-0.02902519775937733,0.14485930160124155,0.14826576375417674,-0.15887102294641306,0.031462719189771886,0.03611248229653887,0.03405447630384945,-0.19341172834153667,0.031188114577069166,0.03634775474264751,0.033964643235541915,-0.20996867398516614,0.10374896706361905,-0.1923039411945913,0.00681929631641219,0.8219674238074581,-0.3762918180334341,-0.36573574385512136,-0.37099715623706164,-0.4893959370693205,-0.29298651332956727,-0.2840419133239092,-0.28849420520631924,-0.4911651600083956,-0.545347400435229,-0.5437514730363844
-0.010208509938436347,0.0035690990978575715,0.0035575702710601413,0.002787671358274916,0.0030338969047149114,0.024668981669886344,0.024222767904750742,0.003249893383172741,-0.005149686783436535,0.010412373847160247,0.01037996363004679,0.017255059688741234,0.006304229157942671,0.009520791053823734,-0.00531113203619009,0.028322779315988245,0.03067628643500261,0.010412373847160247,-0.003521386534998536,-0.01444034422861901,0.0026503469889475975,0.001947703581506303,0.0017866853606480818,0.011788155636617054,0.020975570898838034,0.029974952889467842,0.0391322721144312,-0.02902519775937733,1.0,-0.02123688856133304,0.006439708549525026,0.02216742286558774,0.004135935139858134,0.002725477338453381,0.003503634270966528,0.049620189600916235,0.0042354178536955205,0.002674331577932033,0.003477311965486438,0.06724103804099166,0.03732120791406779,0.04950028213789197,-0.0015154675783321811,-0.014890727882738658,0.025515689907469764,0.02536072180602183,0.025409092100384816,0.014161248083497894,0.018397520583389237,0.018222915963012544,0.018283771420693394,0.014081392825593071,0.02744505827630865,0.027703078680422488
0.03339143435242472,0.000322858556359822,-0.0032173264039681423,0.005653024570848152,0.002476721592946526,-0.22318090988590578,-0.2237169528072036,0.0018910859309163126,0.020323382804774043,-0.06451287719149182,-0.06416947658803697,-0.15871865642216354,-0.05276920607645979,-0.0008835532397763985,-0.028970465296213842,-0.09441946133646552,-0.13332200877619652,-0.06451287719149182,-0.029639238410057184,0.00886558068464893,0.0012298457687333522,0.0017496605324128286,0.0025532907830250803,-0.018433733463076883,-0.015651667857825426,-0.3467145094923031,-0.1996181961852448,0.14485930160124155,-0.02123688856133304,1.0,0.8603519783503841,-0.9712467406967344,-0.008737100646773164,0.004629345486233042,-0.0013941791848762508,-0.5544891721611204,-0.008275805157636169,0.004463366151838976,-0.0016155968583852107,-0.5205841087735482,-0.10931573058839168,-0.5557213037925665,-0.019684813427683457,0.1050177542537333,-0.08807270460081759,-0.08239951277959114,-0.08531569111260655,-0.24606077521094716,-0.06268287922055132,-0.05804845262931169,-0.06042340923528018,-0.24670460636415406,-0.2779985282881402,-0.2785348433903307
0.020076424945948357,0.0035520728056946584,-0.00026015574020941447,0.008921966794657125,0.0056002660783163825,-0.20340519475936067,-0.20408958437673436,0.005235559105571198,0.019893681293951693,-0.0584622249696497,-0.05813304262139826,-0.1563424739569329,-0.05065393845416926,-0.011340519603361073,-0.06429646603796979,-0.0748222694293112,-0.14195043820513722,-0.0584622249696497,-0.01965255395653311,-0.002646735605223309,0.0042917876404889085,0.004662586558030267,0.004320154394244949,-0.0006933616741470909,-0.011308155499426507,-0.35890133917674183,-0.2165622020801641,0.14826576375417674,0.006439708549525026,0.8603519783503841,1.0,-0.920178223636515,-0.004718563375917621,0.007979603358691856,0.002168904024326369,-0.5430835984428509,-0.004095830317643871,0.007442559552189761,0.0019049228403554865,-0.48079340544706234,-0.06857640569374923,-0.5445822246719643,-0.014238936560978651,0.12753480150968646,-0.06373170165682153,-0.05870125716873872,-0.061321192429249875,-0.2086903549253109,-0.045643115146439026,-0.04156415519301449,-0.04368234020362378,-0.20952547752849032,-0.2766359150526418,-0.2772746590552638
-0.029398396570473023,-0.002474284670340255,0.001194639620481296,-0.00787633098044654,-0.004632236842553288,0.2195087276629695,0.2202386883528963,-0.004094572649207639,-0.022633409557581394,0.06357843913421204,0.06325583610012565,0.17115328255107895,0.05333649681592347,0.0035656318534154547,0.04258103975742302,0.09059209284450295,0.15140158827667524,0.06357843913421204,0.029516433231029586,-0.006291339797955505,-0.0031852002554034783,-0.0037562781181736614,-0.004312781105490563,0.01585507189814036,0.017272212942200285,0.3546949650390264,0.21039014725622995,-0.15887102294641306,0.02216742286558774,-0.9712467406967344,-0.920178223636515,1.0,0.006596587694065199,-0.007104010642379008,-0.0009152484228758277,0.5757458251103411,0.006173214043775519,-0.006802154478783018,-0.0006592611992763445,0.5365899941402043,0.10108421626860829,0.5775090236764306,0.019893345685789276,-0.12222562659030946,0.08377113704084885,0.0781563856824912,0.08104594869607906,0.24164528412611122,0.05935898905695649,0.054775181411543604,0.05712561299037549,0.24246929027302871,0.28501789549909,0.2852516751317755
-0.8672996241609995,0.9997593500645029,0.9995850041256084,0.9993672742040861,0.9990779321547326,0.1772003721302573,0.12138268257583008,0.9995280729812969,0.9720333758206203,0.001254518641217905,0.0014058518730299958,-0.1327352412627942,-0.1359886744452581,-0.08300505211319406,0.06892163995450076,-0.011210296064324832,-0.10233716727304712,0.001254518641217905,-0.05024694603879855,0.01280014369969373,0.9989155251038302,0.9978123426120903,0.9954429422555473,-0.02170486111108849,-0.008835019847652299,-0.03802535302761573,-0.09144542395293119,0.031462719189771886,0.004135935139858134,-0.008737100646773164,-0.004718563375917621,0.006596587694065199,1.0,0.9997395814064544,0.999915745694541,0.034481350602892404,0.9999842770642324,0.9997347832961382,0.9999166813456388,0.035634217501582306,-0.17986697461455262,-0.03361246158513418,0.018186873568688824,0.010231492135125217,0.34492348897229885,0.3468814214500123,0.34589435711231736,0.03372171065836483,0.6786829447711471,0.6815525927935251,0.6801242287866252,0.06709084918394384,0.08627639942426618,0.12000208371370598
-0.8657734337122607,0.9998063886613263,0.9995761644767279,0.9995512961738349,0.999206725740884,0.17092953981503686,0.1150931974783761,0.999623744102335,0.9728280078160012,-0.001146974855564989,-0.0009868582155647715,-0.1384435239968065,-0.1384299861908979,-0.08291888690175406,0.06797851857449264,-0.014373557179525796,-0.10668835053616892,-0.001146974855564989,-0.05061869045531086,0.01278064874219262,0.9990651194580606,0.9980419236689896,0.9957733403839281,-0.024221916037436203,-0.011241761676167392,-0.04559344266278147,-0.0959293710354188,0.03611248229653887,0.002725477338453381,0.004629345486233042,0.007979603358691856,-0.007104010642379008,0.9997395814064544,1.0,0.9999313762053152,0.012479143267324227,0.9997465380077946,0.99998696494192,0.999930055723186,0.014180318075375816,-0.18474133932879408,-0.055540581215957625,0.01809354976370841,0.012285255034521325,0.3409975217101392,0.3430951378423469,0.3420355594066032,0.027177069074826508,0.6759335199708806,0.6789211674007004,0.6774318247047783,0.06053387561631292,0.08021253374181324,0.11393010706213126
-0.8666088714519804,0.9998491144577285,0.9996370523130914,0.9995167503098334,0.9991899005867902,0.17396062579808497,0.11812511811296657,0.9996343745661858,0.972476571813867,0.0006079567847950877,0.0007642966754800855,-0.13570310859727142,-0.13726301414349565,-0.08297039681070352,0.06836924016138941,-0.012370223592898862,-0.10479703987197836,0.0006079567847950877,-0.05076615699635146,0.013101422883800071,0.9990332967530253,0.997964757570669,0.9956281781846645,-0.022648395222416948,-0.009879636414841226,-0.041851501101047954,-0.09367729976642254,0.03405447630384945,0.003503634270966528,-0.0013941791848762508,0.002168904024326369,-0.0009152484228758277,0.999915745694541,0.9999313762053152,1.0,0.02286311309348448,0.9999190035946862,0.9999287570743597,0.9999985023574532,0.02428607644571646,-0.1820793513987745,-0.045205753518166546,0.018137687818312275,0.011478627824365675,0.3429666845963087,0.3450045200021366,0.34397709908754387,0.03005688234797069,0.6773040772011776,0.6802404373971093,0.6787784857219663,0.06342149964023455,0.08285486600313936,0.11658252909403072
-0.08259184193730047,0.02175854077721905,0.0239680063566076,0.016241406428448898,0.018440994913299466,0.25119839726554233,0.2507269690423678,0.019811220187257998,-0.007913766986810417,0.09838967307928992,0.09799640014666375,0.24200850190944384,0.11120136537419682,-0.0010397819060256185,0.03946226255814631,0.13544225549408714,0.17543074517039606,0.09838967307928992,0.018912472014352383,-0.005011030221255981,0.01776000884803209,0.0142812192884309,0.009748248118704077,0.10983016777525426,0.10365536729577833,0.30217885074272627,0.18166155101917134,-0.19341172834153667,0.049620189600916235,-0.5544891721611204,-0.5430835984428509,0.5757458251103411,0.034481350602892404,0.012479143267324227,0.02286311309348448,1.0,0.03395873451951071,0.012561126879170615,0.022961121829384687,0.9717933663744077,0.19241313292014073,0.9942474617123622,0.0038037280808338302,-0.090208440380419,0.16513407124567983,0.1590097071413572,0.16217277027958807,0.28619148463266825,0.1260313866592379,0.12092224367632536,0.12355064531023682,0.2876829097543185,0.24315877863775792,0.24428304013614083
