index,closePrice,highPrice,lowPrice,openPrice,totalValue,totalVolume,vwap,bcClosePrice,ret,retLog,retVar,retSkr,retKur,retAc,retBc,corrBc,label,label5,retTrackBc,ma5,ma10,ma20,maDiff20,maDiff10,priceAmp,sIndicator,index,spread_max,spread_min,spread_mean,spread_std,lastPrice_max,lastPrice_min,lastPrice_mean,lastPrice_std,midPrice_max,midPrice_min,midPrice_mean,midPrice_std,trackError_max,trackError_std,midSpread_z_score_,deal_sum,volumePerDeal_max,volumePerDeal_min,volumePerDeal_mean,volumePerDeal_std,valuePerDeal_max,valuePerDeal_min,valuePerDeal_mean,valuePerDeal_std,volumePerDeal,valuePerDeal
1.0,-0.8664165585873599,-0.866943199834737,-0.8652755669160117,-0.8656714031187989,-0.3091101283354037,-0.262732480032649,-0.8660670410413299,-0.7744556629185096,0.0032004517390964884,0.0031292184195171715,0.07012040475822208,0.1296501853843552,0.10861427939466395,-0.09747033573554989,0.0015648703313743979,0.1862233330463697,0.0032004517390964884,-0.01330948797886229,0.0026617621175754197,-0.8659747351010135,-0.8654161562146973,-0.8646547910740313,0.042252574114248695,0.019597078126292657,-0.024707451111349716,0.08141874951943581,0.09319662306013107,-0.010208509938436347,0.03339143435242472,0.020076424945948357,-0.029398396570473023,-0.8672996241609995,-0.8657734337122607,-0.8666088714519804,-0.08259184193730047,-0.8672326983704514,-0.865374579892511,-0.866459910145121,-0.09530388616584981,0.16275582383482223,-0.022928850633753578,-0.010563626179372164,-0.09529332804000029,-0.45313299999221013,-0.4546351931404209,-0.4538911791891549,-0.08489682329684975,-0.7103840848012992,-0.7124274154662662,-0.7114227902256903,-0.11463848649811467,-0.15140932894977419,-0.17984105401224468
-0.8664165585873599,1.0,0.9998110241510486,0.9997136698851593,0.9994129658848826,0.17332882007374573,0.11747198785046775,0.9998170493130805,0.9725212282945104,-0.0014500318765063311,-0.0012916191178814897,-0.16430702712998246,-0.14569412137629797,-0.12167526301876816,0.09268202079110724,-0.016469685956644314,-0.12525593225179374,-0.0014500318765063311,-0.056460091802617705,0.01446552521386482,0.9992013242578474,0.998150448406223,0.9958434238507936,-0.023314758894117833,-0.01041678128001791,-0.04278916396688645,-0.09407078989348032,0.03420141782867119,0.0035690990978575715,0.000322858556359822,0.0035520728056946584,-0.002474284670340255,0.9997593500645029,0.9998063886613263,0.9998491144577285,0.02175854077721905,0.9997602839030256,0.9998030342005385,0.9998415012247698,0.023201858022970236,-0.1834837066454371,-0.04630326060819915,0.017814216387012364,0.011435694893466233,0.34245931764358317,0.3444834953067229,0.34345786307318393,0.0302656714908334,0.6769922949389559,0.6799193918394159,0.6784582401899529,0.06363910156286325,0.08261313855502446,0.11634301089979009
-0.866943199834737,0.9998110241510486,1.0,0.9996825845067837,0.9996984980542619,0.1775624408865201,0.12170811883718782,0.9998925547740373,0.9720751349478348,-0.014874407465438465,-0.014738741500478152,-0.16104796460057666,-0.1449039791566969,-0.12157392520981042,0.09417093828860573,-0.02438893429682151,-0.12266398514178602,-0.014874407465438465,-0.056708406686822484,0.0046483865454747305,0.9993736263460893,0.9983083738111713,0.995946378987645,-0.022365407042371162,-0.009992560878646571,-0.03419836032582809,-0.08804925957534472,0.03158617729468376,0.0035575702710601413,-0.0032173264039681423,-0.00026015574020941447,0.001194639620481296,0.9995850041256084,0.9995761644767279,0.9996370523130914,0.0239680063566076,0.9995911053083758,0.9995772587904591,0.9996345834424158,0.025330074718234605,-0.18270614426368179,-0.044021423140200806,0.018187399670363827,0.010240558468994538,0.34424387845802645,0.3462230627481166,0.3452168513527289,0.03256261827101712,0.6782947588227765,0.6811833952694235,0.6797391872922222,0.06589886851415401,0.08767392802249219,0.12142187827207775
-0.8652755669160117,0.9997136698851593,0.9996825845067837,1.0,0.9998021755382631,0.1677229268512202,0.11174845068819486,0.9999087260756843,0.9727776337044908,-0.021017874777803522,-0.020836477860474198,-0.17032476397312232,-0.14969569020752302,-0.12323540370043358,0.09209890260669876,-0.03113086584859879,-0.12762204769401544,-0.021017874777803522,-0.05659254759278918,0.0032558774914317515,0.999508630169678,0.9985625966165973,0.9963251281187355,-0.02575403924564959,-0.013576080076731046,-0.059339437700698015,-0.10622669268894812,0.03643714628910081,0.002787671358274916,0.005653024570848152,0.008921966794657125,-0.00787633098044654,0.9993672742040861,0.9995512961738349,0.9995167503098334,0.016241406428448898,0.9993688183609439,0.9995536599013822,0.9995134176912671,0.01763729356215774,-0.18788750587677103,-0.051721772825447446,0.017914483243805557,0.012298428370533614,0.3402363740312049,0.34229812198315107,0.3412523256625135,0.02806273452454476,0.6755193244622256,0.678481152900769,0.6770016536019791,0.06142791063951593,0.07831290388795008,0.11210208371112954
-0.8656714031187989,0.9994129658848826,0.9996984980542619,0.9998021755382631,1.0,0.17202328442173948,0.11608208808431449,0.9998224225505722,0.9722977560356585,-0.03438094045903538,-0.03422242633604049,-0.16732010294332428,-0.1496065436949137,-0.12343602308999076,0.09310494590536858,-0.03857880951777916,-0.12537490151131772,-0.03438094045903538,-0.05669713236098372,-0.006949100114969339,0.9995773467093649,0.9986338252138373,0.9963642253301519,-0.025348213021256703,-0.01365435406194217,-0.05099030889679897,-0.10014619193715633,0.03423290285568397,0.0030338969047149114,0.002476721592946526,0.0056002660783163825,-0.004632236842553288,0.9990779321547326,0.999206725740884,0.9991899005867902,0.018440994913299466,0.9990815675730361,0.9992138819927081,0.9991909793467576,0.01969826274297336,-0.18753840197795804,-0.0494816600958602,0.018271434135382437,0.011227308983714103,0.34183964823941937,0.3438584521109099,0.342830317021191,0.03018766882165143,0.6766705713021345,0.679595835901554,0.6781317270716768,0.06351993922578499,0.08386592500084256,0.11763352949730509
-0.3091101283354037,0.17332882007374573,0.1775624408865201,0.1677229268512202,0.17202328442173948,1.0,0.9976894054088539,0.17200924300730336,0.13276037941744215,0.0280664213682582,0.027454644599914778,0.19814260840659495,0.035504512678930476,-0.026540478286391906,0.05582495918607011,0.03219521298048876,-0.10709285722747372,0.0280664213682582,0.043641807159648285,0.004974860169589682,0.17025564887125139,0.16753985332915863,0.1647890617721013,0.06388185572688032,0.07435437765353176,0.3773564792559533,0.015368651167815937,-0.14796459014457516,0.024668981669886344,-0.22318090988590578,-0.20340519475936067,0.2195087276629695,0.1772003721302573,0.17092953981503686,0.17396062579808497,0.25119839726554233,0.17715277539181182,0.17050839224666164,0.17388127912984191,0.26426300567152616,0.08068228749289623,0.23860273514240185,0.020321591713958878,0.03111323937732579,0.32644824204558837,0.32160714053269,0.3239731264931659,0.2836269604389796,0.31908729486593146,0.31496501310229047,0.3169773363356587,0.2918549332325502,0.70412426346469,0.708440205983894
-0.262732480032649,0.11747198785046775,0.12170811883718782,0.11174845068819486,0.11608208808431449,0.9976894054088539,1.0,0.11605955111559108,0.07867637396179704,0.03161622126548599,0.030971363998118735,0.21419427473594538,0.046645045531706945,-0.016599758317570372,0.05088586528859606,0.03844104632882772,-0.10080441701742325,0.03161622126548599,0.04863046697095535,0.0034425458592123584,0.11434349144643192,0.11165627920210963,0.10898548820982483,0.0662860506395894,0.07584420478114702,0.38539728354257025,0.02040042118730186,-0.1519897990087513,0.024222767904750742,-0.2237169528072036,-0.20408958437673436,0.2202386883528963,0.12138268257583008,0.1150931974783761,0.11812511811296657,0.2507269690423678,0.12134946525375653,0.11466417937293105,0.11804727368290172,0.2642299467035062,0.08718723509479159,0.24216647439054764,0.020176927918893424,0.03023842752371202,0.3061022432000789,0.3010183645341141,0.3035081441121926,0.28676878441745546,0.2805238934398985,0.2761508865268113,0.2782896388866066,0.29266673928725356,0.708452473481225,0.7098637029947964
-0.8660670410413299,0.9998170493130805,0.9998925547740373,0.9999087260756843,0.9998224225505722,0.17200924300730336,0.11605955111559108,1.0,0.9724592508933743,-0.018541905872289464,-0.01838420144571491,-0.16558352377747235,-0.14704228922096688,-0.12231504130573768,0.09306296996267416,-0.028065257951877566,-0.1252786317324278,-0.018541905872289464,-0.056431115425099765,0.003470621842410546,0.9994806246278368,0.9984440285940961,0.9960816906526837,-0.022765414695138077,-0.010857056510156669,-0.0474107768950105,-0.0975341040846702,0.03442766534268824,0.003249893383172741,0.0018910859309163126,0.005235559105571198,-0.004094572649207639,0.9995280729812969,0.999623744102335,0.9996343745661858,0.019811220187257998,0.9995320209140994,0.9996250661973916,0.9996314673866578,0.021228699957932397,-0.18407309781495712,-0.04815617268686619,0.017838802776686816,0.011821175836053022,0.3422502171023885,0.3442825583681451,0.3432512512548082,0.029888553085544493,0.67681765876146,0.6797515930436049,0.6782858751141165,0.06323470616357066,0.08206644015453998,0.11586801824220824
-0.7744556629185096,0.9725212282945104,0.9720751349478348,0.9727776337044908,0.9722977560356585,0.13276037941744215,0.07867637396179704,0.9724592508933743,1.0,-0.008024858820241471,-0.007855638943310142,-0.18174678312758952,-0.14434102255330902,-0.11915124024496321,0.0816905788692976,-0.012374482449442337,-0.1180235807433999,-0.008024858820241471,-0.05806679517777934,0.0017287373570228155,0.9721458216545861,0.9713945191320992,0.9698424398844537,-0.036042395516792135,-0.018271197263666168,-0.07234688421949363,-0.10600981278368385,0.01572180725120099,-0.005149686783436535,0.020323382804774043,0.019893681293951693,-0.022633409557581394,0.9720333758206203,0.9728280078160012,0.972476571813867,-0.007913766986810417,0.9720659410470549,0.972939541885271,0.9725124428128761,-0.009701697933771312,-0.1932126733257469,-0.07427135404889944,0.016905460403380923,-0.0446461672305857,0.2867066501162264,0.2882175000989809,0.287423685698624,0.03042399263111692,0.6237723414131082,0.6263431130867189,0.6250402510118294,0.06358399242231384,0.08203734819936664,0.11586885133367276
0.0032004517390964884,-0.0014500318765063311,-0.014874407465438465,-0.021017874777803522,-0.03438094045903538,0.0280664213682582,0.03161622126548599,-0.018541905872289464,-0.008024858820241471,1.0,0.9999953333923903,0.10414861787471315,0.11926364847818294,0.06126887409973154,-0.006840379405221403,0.6583783327914028,0.01561413003571159,1.0,0.00038102468914084225,0.6632167224100768,-0.03028001291946843,-0.03369354511609717,-0.03538238476439079,0.07285462106151336,0.10371404401289007,0.25154931127791547,0.18504888549458504,-0.005871604258567093,0.010412373847160247,-0.06451287719149182,-0.0584622249696497,0.06357843913421204,0.001254518641217905,-0.001146974855564989,0.0006079567847950877,0.09838967307928992,0.001232049040810704,-0.001460872182396422,0.00034635159927239224,0.10602372086887725,0.12917970460819117,0.0949205977810062,-0.013515379844738221,0.0004653194806109133,0.009836680909775866,0.009842245779666754,0.009959902666354608,0.005273357129359512,-0.005293183940648331,-0.005384988201002366,-0.005252097306604389,0.0060110329242132575,-0.046348750124812786,-0.047659473427123525
0.0031292184195171715,-0.0012916191178814897,-0.014738741500478152,-0.020836477860474198,-0.03422242633604049,0.027454644599914778,0.030971363998118735,-0.01838420144571491,-0.007855638943310142,0.9999953333923903,1.0,0.10332058036780756,0.1184115889389767,0.06078944573850255,-0.0069317418371432765,0.6576681167248705,0.015294506991072362,0.9999953333923903,0.00017708598488694829,0.663916769097561,-0.030119876862480514,-0.033527154309186125,-0.03521113470949204,0.07268934358377979,0.10351961052254968,0.24967246734407597,0.18363485091553206,-0.00568304248767936,0.01037996363004679,-0.06416947658803697,-0.05813304262139826,0.06325583610012565,0.0014058518730299958,-0.0009868582155647715,0.0007642966754800855,0.09799640014666375,0.001382533675285244,-0.0013003755362650837,0.0005022263834882756,0.10562628054658929,0.1289394442658814,0.09452801400570038,-0.013540167047702566,0.0005075804259750314,0.009782300034681399,0.009793838657384224,0.009908913686364401,0.00500164982652153,-0.005258893960444588,-0.005345610572510938,-0.005214953157462045,0.005746876861428734,-0.04688445376054432,-0.04818217544724387
0.07012040475822208,-0.16430702712998246,-0.16104796460057666,-0.17032476397312232,-0.16732010294332428,0.19814260840659495,0.21419427473594538,-0.16558352377747235,-0.18174678312758952,0.10414861787471315,0.10332058036780756,1.0,0.6653177179107218,0.32910210028336545,0.11281359048761037,0.12836490177879434,0.34027406168663793,0.10414861787471315,0.08474907868096655,0.00961580483238351,-0.17057229149562225,-0.17915379621125252,-0.19507163670222039,0.35157658042011414,0.26469933461054795,0.3833616846675774,0.2638322861648116,-0.2506391345815809,0.020304887007757545,-0.16784154353573288,-0.16632627169022002,0.17730444378154356,-0.16035496725444012,-0.16634490818206235,-0.1634932629115808,0.24640927751888328,-0.16016624983545813,-0.16687570474115399,-0.16354774838692765,0.2650395722872599,0.32372770272278933,0.266784293822909,0.00829964809669074,-0.09197192951782027,0.11207749522296762,0.10788504229366024,0.10992258331195846,0.18545891668436032,-0.0017843839318509355,-0.005691310369325594,-0.0037933632268194756,0.17968627716773897,0.25605020270835926,0.24816302645662125
0.1296501853843552,-0.14569412137629797,-0.1449039791566969,-0.14969569020752302,-0.1496065436949137,0.035504512678930476,0.046645045531706945,-0.14704228922096688,-0.14434102255330902,0.11926364847818294,0.1184115889389767,0.6653177179107218,1.0,0.40777756905787776,0.023844833799439778,0.15294826847414283,0.20509615571098597,0.11926364847818294,0.062002108271810914,0.0050911960405727475,-0.1530027992732657,-0.1607393628095064,-0.17451773036880833,0.30897328138815816,0.23860431302878446,0.20504952672221272,0.1687077488721165,0.03194399185231014,0.004704654357415549,-0.03561398268564317,-0.02535084118877601,0.03326628642667195,-0.14393243920444376,-0.14626557852887118,-0.14516625842131045,0.10474477267440986,-0.14379525153880277,-0.14656003312923332,-0.145255655741917,0.11718615639955561,0.24086605235863,0.12171242316730546,0.005250021564768211,0.0851463576550002,-0.09483884743027521,-0.0949649475450092,-0.09491691310470234,-0.01945679328938849,-0.15118728391217423,-0.15153907705977396,-0.15137768511509456,-0.02301655195420453,-0.018456205698620443,-0.021919515978674906
0.10861427939466395,-0.12167526301876816,-0.12157392520981042,-0.12323540370043358,-0.12343602308999076,-0.026540478286391906,-0.016599758317570372,-0.12231504130573768,-0.11915124024496321,0.06126887409973154,0.06078944573850255,0.32910210028336545,0.40777756905787776,1.0,0.037986345304683235,0.07974825426239314,0.11335951576504277,0.06126887409973154,0.02375669091146328,0.0014474248742013922,-0.12477408310996198,-0.12797229799989762,-0.13141733452029064,0.10082412309015146,0.1012198170051867,0.07689853169056698,0.04657139227413976,-0.05324312341954605,-0.014711478441490728,0.01305524764339715,0.014530162113666754,-0.016157078236484414,-0.12126067426846848,-0.12164086500575819,-0.12135524826210962,0.021699931694162674,-0.12117112827902075,-0.12173143934548764,-0.12140677773054988,0.025412512434574434,-0.07288333236188733,0.030361695973511724,-0.01977665713477372,-0.044810323750637863,0.01594873982386483,0.016149052461591682,0.016002405908042798,-0.004739145646423947,-0.0260306761761417,-0.026078211927434355,-0.026091582170433943,-0.008180338110191043,-0.027819349388617753,-0.03235787427890738
-0.09747033573554989,0.09268202079110724,0.09417093828860573,0.09209890260669876,0.09310494590536858,0.05582495918607011,0.05088586528859606,0.09306296996267416,0.0816905788692976,-0.006840379405221403,-0.0069317418371432765,0.11281359048761037,0.023844833799439778,0.037986345304683235,1.0,-0.03962366813880986,0.10289085285745458,-0.006840379405221403,0.05366511758994839,0.030384697558526474,0.09359943743865534,0.09581606884094973,0.0968178607760078,-0.051163775611647457,-0.07045280609470529,0.07596807731136646,0.05074457714386712,-0.11075147202628492,-0.003189541203107802,-0.06663043423298425,-0.09319791004238707,0.07499529645903193,0.09401154005031316,0.09221267764461949,0.0929994109658488,0.07157261517199863,0.09406318767171044,0.09215832572601404,0.0930609962506619,0.07361433688974486,-0.07649623235587728,0.06696382774094604,0.030858153842428963,-0.10582085477788791,0.006202894860357398,0.004183016195776457,0.00508692140437486,0.07141409975651813,0.04859279353386193,0.04723302461571934,0.04783395420011794,0.0748646847868598,0.1296495738888494,0.13226165532517803
0.0015648703313743979,-0.016469685956644314,-0.02438893429682151,-0.03113086584859879,-0.03857880951777916,0.03219521298048876,0.03844104632882772,-0.028065257951877566,-0.012374482449442337,0.6583783327914028,0.6576681167248705,0.12836490177879434,0.15294826847414283,0.07974825426239314,-0.03962366813880986,1.0,0.024960897786393297,0.6583783327914028,0.09311096296695484,-0.12668418224454214,-0.0365186205186432,-0.03958135623212118,-0.040740984707281235,0.0610907531849534,0.09344832553135478,0.27987451878447134,0.19777070282959425,-0.011746667283493528,0.028322779315988245,-0.09441946133646552,-0.0748222694293112,0.09059209284450295,-0.011210296064324832,-0.014373557179525796,-0.012370223592898862,0.13544225549408714,-0.011183337031112853,-0.014712130253448738,-0.012502760392649517,0.14182598209807426,0.11864614299882333,0.13445058325548226,-0.003527180414746979,0.0007281514553504725,0.016056239974382103,0.0162807036246679,0.016342831198219124,0.0010905255407951072,-0.0041116615960099375,-0.00407111772203648,-0.003960068300611932,0.001709806418789234,-0.018493232159689805,-0.020642940848091432
0.1862233330463697,-0.12525593225179374,-0.12266398514178602,-0.12762204769401544,-0.12537490151131772,-0.10709285722747372,-0.10080441701742325,-0.1252786317324278,-0.1180235807433999,0.01561413003571159,0.015294506991072362,0.34027406168663793,0.20509615571098597,0.11335951576504277,0.10289085285745458,0.024960897786393297,1.0,0.01561413003571159,0.0363407110485613,-0.004242255599004678,-0.1261411901781343,-0.12761146963885617,-0.13087430928371346,0.07443836743942525,0.049420586355265826,0.20591057914699604,0.20528577123051903,-0.322977596918698,0.03901364505750129,-0.13347829073087542,-0.15204481876928375,0.1548939328635687,-0.12278742483750431,-0.12706141901957702,-0.12526300527320539,0.1725211450513575,-0.12274700551970312,-0.12706411773018497,-0.12513187017457042,0.17667043840816965,0.06850020354086285,0.18535384245447664,-0.020295147809309976,-0.34814929395272487,-0.09414334131385853,-0.099713053435585,-0.09702100737860511,0.16937733420193773,-0.12459844331864842,-0.1289509763860013,-0.12684727805543425,0.16302628066392144,0.17839262874305184,0.1715996642545529
0.0032004517390964884,-0.0014500318765063311,-0.014874407465438465,-0.021017874777803522,-0.03438094045903538,0.0280664213682582,0.03161622126548599,-0.018541905872289464,-0.008024858820241471,1.0,0.9999953333923903,0.10414861787471315,0.11926364847818294,0.06126887409973154,-0.006840379405221403,0.6583783327914028,0.01561413003571159,1.0,0.00038102468914084225,0.6632167224100768,-0.03028001291946843,-0.03369354511609717,-0.03538238476439079,0.07285462106151336,0.10371404401289007,0.25154931127791547,0.18504888549458504,-0.005871604258567093,0.010412373847160247,-0.06451287719149182,-0.0584622249696497,0.06357843913421204,0.001254518641217905,-0.001146974855564989,0.0006079567847950877,0.09838967307928992,0.001232049040810704,-0.001460872182396422,0.00034635159927239224,0.10602372086887725,0.12917970460819117,0.0949205977810062,-0.013515379844738221,0.0004653194806109133,0.009836680909775866,0.009842245779666754,0.009959902666354608,0.005273357129359512,-0.005293183940648331,-0.005384988201002366,-0.005252097306604389,0.0060110329242132575,-0.046348750124812786,-0.047659473427123525
-0.01330948797886229,-0.056460091802617705,-0.056708406686822484,-0.05659254759278918,-0.05669713236098372,0.043641807159648285,0.04863046697095535,-0.056431115425099765,-0.05806679517777934,0.00038102468914084225,0.00017708598488694829,0.08474907868096655,0.062002108271810914,0.02375669091146328,0.05366511758994839,0.09311096296695484,0.0363407110485613,0.00038102468914084225,1.0,-0.09208186954061623,-0.05594390402533837,-0.05635060304217856,-0.05614504215514329,0.006700282715357173,0.014554307413237155,0.0010259105650121316,-0.026546429350307172,-0.016291173786307803,-0.003521386534998536,-0.029639238410057184,-0.01965255395653311,0.029516433231029586,-0.05024694603879855,-0.05061869045531086,-0.05076615699635146,0.018912472014352383,-0.05002542406572742,-0.050826869365312846,-0.050567050964936675,0.02155125662479148,-0.005239574527689805,0.01962987969234919,-0.030701284667504332,-0.0021721867282381213,0.030797974120759568,0.030904163436271996,0.030720703344477684,0.009726513755295934,0.0058368899989719066,0.005792318510393234,0.005710505462801484,0.007557522244390649,0.02147738353141684,0.019243113899233548
0.0026617621175754197,0.01446552521386482,0.0046483865454747305,0.0032558774914317515,-0.006949100114969339,0.004974860169589682,0.0034425458592123584,0.003470621842410546,0.0017287373570228155,0.6632167224100768,0.663916769097561,0.00961580483238351,0.0050911960405727475,0.0014474248742013922,0.030384697558526474,-0.12668418224454214,-0.004242255599004678,0.6632167224100768,-0.09208186954061623,1.0,-0.00359314429064083,-0.005046330189945888,-0.006118933983694805,0.03526783261585429,0.04376206254915794,0.053218450377596795,0.04721875620041634,0.003942182741166966,-0.01444034422861901,0.00886558068464893,-0.002646735605223309,-0.006291339797955505,0.01280014369969373,0.01278064874219262,0.013101422883800071,-0.005011030221255981,0.012743725248238948,0.012703630129526331,0.012888448233254253,-0.001297953607276433,0.05226725506297433,-0.008596757138500322,-0.014304281785796765,-0.00011080042022923059,-0.003001914109587145,-0.003217773659171917,-0.0031244932610348195,0.005865240202850355,-0.0028873311251783585,-0.0030486315359314693,-0.002983919690161562,0.00622162416730925,-0.0426930106760976,-0.04228282970296388
-0.8659747351010135,0.9992013242578474,0.9993736263460893,0.999508630169678,0.9995773467093649,0.17025564887125139,0.11434349144643192,0.9994806246278368,0.9721458216545861,-0.03028001291946843,-0.030119876862480514,-0.17057229149562225,-0.1530027992732657,-0.12477408310996198,0.09359943743865534,-0.0365186205186432,-0.1261411901781343,-0.03028001291946843,-0.05594390402533837,-0.00359314429064083,1.0,0.9994450445568336,0.9973981389272741,-0.03385204686679412,-0.025333257776848472,-0.05217334024502982,-0.10106042857698208,0.0345820873559189,0.0026503469889475975,0.0012298457687333522,0.0042917876404889085,-0.0031852002554034783,0.9989155251038302,0.9990651194580606,0.9990332967530253,0.01776000884803209,0.9989215274570804,0.9990764324726279,0.9990404258466363,0.01885954335668634,-0.19207163368898375,-0.05032647989145098,0.018294581719082163,0.011382559222236932,0.3415671391996294,0.3435881216873643,0.3425619847348541,0.030000586411269764,0.6768609084440087,0.6797889331358753,0.6783257287317371,0.06341263887866347,0.0835964069809522,0.11730998719823012
-0.8654161562146973,0.998150448406223,0.9983083738111713,0.9985625966165973,0.9986338252138373,0.16753985332915863,0.11165627920210963,0.9984440285940961,0.9713945191320992,-0.03369354511609717,-0.033527154309186125,-0.17915379621125252,-0.1607393628095064,-0.12797229799989762,0.09581606884094973,-0.03958135623212118,-0.12761146963885617,-0.03369354511609717,-0.05635060304217856,-0.005046330189945888,0.9994450445568336,1.0,0.9988017528684296,-0.060966104066856736,-0.05861921090764352,-0.056899550288769855,-0.10424654806305492,0.034903627575518084,0.001947703581506303,0.0017496605324128286,0.004662586558030267,-0.0037562781181736614,0.9978123426120903,0.9980419236689896,0.997964757570669,0.0142812192884309,0.9978225904646201,0.9980608925819474,0.9979775055497674,0.015410386352643496,-0.2021718620127312,-0.054089324832437585,0.018522725410331762,0.01105901174145752,0.34101730003117975,0.34299554155258727,0.34199161572036263,0.03136625768150976,0.6770651309397632,0.6799609145949137,0.6785143808750197,0.06493627473170349,0.0846036369910037,0.11830560916581069
-0.8646547910740313,0.9958434238507936,0.995946378987645,0.9963251281187355,0.9963642253301519,0.1647890617721013,0.10898548820982483,0.9960816906526837,0.9698424398844537,-0.03538238476439079,-0.03521113470949204,-0.19507163670222039,-0.17451773036880833,-0.13141733452029064,0.0968178607760078,-0.040740984707281235,-0.13087430928371346,-0.03538238476439079,-0.05614504215514329,-0.006118933983694805,0.9973981389272741,0.9988017528684296,1.0,-0.1058125421533159,-0.08400214093855024,-0.0617921939655897,-0.10820389814895695,0.033879924996435155,0.0017866853606480818,0.0025532907830250803,0.004320154394244949,-0.004312781105490563,0.9954429422555473,0.9957733403839281,0.9956281781846645,0.009748248118704077,0.9954384813323994,0.9957903955073553,0.9956402354706451,0.010483288058832849,-0.2225181768598613,-0.059115385232303704,0.018936199258094588,0.008675527587679189,0.3415421093097684,0.3434076802441291,0.34246004583389683,0.0357841612769895,0.6786931722855369,0.6815001280539194,0.6800978674176572,0.06968412705337414,0.08787950544960366,0.12159415584100054
0.042252574114248695,-0.023314758894117833,-0.022365407042371162,-0.02575403924564959,-0.025348213021256703,0.06388185572688032,0.0662860506395894,-0.022765414695138077,-0.036042395516792135,0.07285462106151336,0.07268934358377979,0.35157658042011414,0.30897328138815816,0.10082412309015146,-0.051163775611647457,0.0610907531849534,0.07443836743942525,0.07285462106151336,0.006700282715357173,0.03526783261585429,-0.03385204686679412,-0.060966104066856736,-0.1058125421533159,1.0,0.8151344801286724,0.1370002618893618,0.10610082152368555,0.007316419781494329,0.011788155636617054,-0.018433733463076883,-0.0006933616741470909,0.01585507189814036,-0.02170486111108849,-0.024221916037436203,-0.022648395222416948,0.10983016777525426,-0.02156022192828769,-0.024302313494962445,-0.02271721629767663,0.11480649889210745,0.43552957656222535,0.12536503451940234,-0.010174358473339126,0.036733351995327984,-0.02353648293896118,-0.021523229918341064,-0.022539808485002474,-0.08227902240485009,-0.07273013061610575,-0.07125641411038643,-0.07199900332178594,-0.09137954669088158,-0.06522458245227505,-0.0675967823682788
0.019597078126292657,-0.01041678128001791,-0.009992560878646571,-0.013576080076731046,-0.01365435406194217,0.07435437765353176,0.07584420478114702,-0.010857056510156669,-0.018271197263666168,0.10371404401289007,0.10351961052254968,0.26469933461054795,0.23860431302878446,0.1012198170051867,-0.07045280609470529,0.09344832553135478,0.049420586355265826,0.10371404401289007,0.014554307413237155,0.04376206254915794,-0.025333257776848472,-0.05861921090764352,-0.08400214093855024,0.8151344801286724,1.0,0.14402774097145093,0.09986113870238278,-0.011101690812171008,0.020975570898838034,-0.015651667857825426,-0.011308155499426507,0.017272212942200285,-0.008835019847652299,-0.011241761676167392,-0.009879636414841226,0.10365536729577833,-0.008962682477494767,-0.011471995913511585,-0.010048562699907908,0.10271990504650433,0.31118007612129284,0.11503888907475582,-0.007614913337224369,0.009231971922467903,0.002159402267418605,0.0033572338037864305,0.0027337468180142805,-0.04224447582255114,-0.034548827618000044,-0.033704191593952194,-0.034143054418752476,-0.048388012332187154,-0.033737761087547724,-0.034804956995182414
-0.024707451111349716,-0.04278916396688645,-0.03419836032582809,-0.059339437700698015,-0.05099030889679897,0.3773564792559533,0.38539728354257025,-0.0474107768950105,-0.07234688421949363,0.25154931127791547,0.24967246734407597,0.3833616846675774,0.20504952672221272,0.07689853169056698,0.07596807731136646,0.27987451878447134,0.20591057914699604,0.25154931127791547,0.0010259105650121316,0.053218450377596795,-0.05217334024502982,-0.056899550288769855,-0.0617921939655897,0.1370002618893618,0.14402774097145093,1.0,0.7262150499517311,-0.19343694475911472,0.029974952889467842,-0.3467145094923031,-0.35890133917674183,0.3546949650390264,-0.03802535302761573,-0.04559344266278147,-0.041851501101047954,0.30217885074272627,-0.03783721665200253,-0.045647932378715256,-0.04181394465935801,0.30107738894706076,0.21519149293534182,0.304516561395033,0.010371306509869617,-0.08222315197225145,0.13714095122124262,0.1337494340891489,0.13537011936589965,0.17634110111095283,0.07383824119327906,0.07079619757107668,0.07225916537552256,0.17343017760807994,0.3634502967917668,0.35978207594340267
0.08141874951943581,-0.09407078989348032,-0.08804925957534472,-0.10622669268894812,-0.10014619193715633,0.015368651167815937,0.02040042118730186,-0.0975341040846702,-0.10600981278368385,0.18504888549458504,0.18363485091553206,0.2638322861648116,0.1687077488721165,0.04657139227413976,0.05074457714386712,0.19777070282959425,0.20528577123051903,0.18504888549458504,-0.026546429350307172,0.04721875620041634,-0.10106042857698208,-0.10424654806305492,-0.10820389814895695,0.10610082152368555,0.09986113870238278,0.7262150499517311,1.0,-0.12691607945419606,0.0391322721144312,-0.1996181961852448,-0.2165622020801641,0.21039014725622995,-0.09144542395293119,-0.0959293710354188,-0.09367729976642254,0.18166155101917134,-0.09128460663869918,-0.09600074808119632,-0.09367244190287595,0.1824928940918825,0.15664795798762282,0.18801435497175184,-0.012632605930953519,-0.0797288440446816,0.015105576372986804,0.013710084161097398,0.014404408022420424,0.0579367493310308,-0.03794399244439812,-0.039291984621418946,-0.03861770160001227,0.05399037768593351,0.06386666917715124,0.06094678738795556
0.09319662306013107,0.03420141782867119,0.03158617729468376,0.03643714628910081,0.03423290285568397,-0.14796459014457516,-0.1519897990087513,0.03442766534268824,0.01572180725120099,-0.005871604258567093,-0.00568304248767936,-0.2506391345815809,0.03194399185231014,-0.05324312341954605,-0.11075147202628492,-0.011746667283493528,-0.322977596918698,-0.005871604258567093,-0.016291173786307803,0.003942182741166966,0.0345820873559189,0.034903627575518084,0.033879924996435155,0.007316419781494329,-0.011101690812171008,-0.19343694475911472,-0.12691607945419606,1.0,-0.02902519775937733,0.14485930160124155,0.14826576375417674,-0.15887102294641306,0.031462719189771886,0.03611248229653887,0.03405447630384945,-0.19341172834153667,0.031188114577069166,0.03634775474264751,0.033964643235541915,-0.20996867398516614,0.10374896706361905,-0.1923039411945913,0.00681929631641219,0.8219674238074581,-0.3762918180334341,-0.36573574385512136,-0.37099715623706164,-0.4893959370693205,-0.29298651332956727,-0.2840419133239092,-0.28849420520631924,-0.4911651600083956,-0.545347400435229,-0.5437514730363844
-0.010208509938436347,0.0035690990978575715,0.0035575702710601413,0.002787671358274916,0.0030338969047149114,0.024668981669886344,0.024222767904750742,0.003249893383172741,-0.005149686783436535,0.010412373847160247,0.01037996363004679,0.020304887007757545,0.004704654357415549,-0.014711478441490728,-0.003189541203107802,0.028322779315988245,0.03901364505750129,0.010412373847160247,-0.003521386534998536,-0.01444034422861901,0.0026503469889475975,0.001947703581506303,0.0017866853606480818,0.011788155636617054,0.020975570898838034,0.029974952889467842,0.0391322721144312,-0.02902519775937733,1.0,-0.02123688856133304,0.006439708549525026,0.02216742286558774,0.004135935139858134,0.002725477338453381,0.003503634270966528,0.049620189600916235,0.0042354178536955205,0.002674331577932033,0.003477311965486438,0.06724103804099166,0.03732120791406779,0.04950028213789197,-0.0015154675783321811,-0.014890727882738658,0.025515689907469764,0.02536072180602183,0.025409092100384816,0.014161248083497894,0.018397520583389237,0.018222915963012544,0.018283771420693394,0.014081392825593071,0.02744505827630865,0.027703078680422488
0.03339143435242472,0.000322858556359822,-0.0032173264039681423,0.005653024570848152,0.002476721592946526,-0.22318090988590578,-0.2237169528072036,0.0018910859309163126,0.020323382804774043,-0.06451287719149182,-0.06416947658803697,-0.16784154353573288,-0.03561398268564317,0.01305524764339715,-0.06663043423298425,-0.09441946133646552,-0.13347829073087542,-0.06451287719149182,-0.029639238410057184,0.00886558068464893,0.0012298457687333522,0.0017496605324128286,0.0025532907830250803,-0.018433733463076883,-0.015651667857825426,-0.3467145094923031,-0.1996181961852448,0.14485930160124155,-0.02123688856133304,1.0,0.8603519783503841,-0.9712467406967344,-0.008737100646773164,0.004629345486233042,-0.0013941791848762508,-0.5544891721611204,-0.008275805157636169,0.004463366151838976,-0.0016155968583852107,-0.5205841087735482,-0.10931573058839168,-0.5557213037925665,-0.019684813427683457,0.1050177542537333,-0.08807270460081759,-0.08239951277959114,-0.08531569111260655,-0.24606077521094716,-0.06268287922055132,-0.05804845262931169,-0.06042340923528018,-0.24670460636415406,-0.2779985282881402,-0.2785348433903307
0.020076424945948357,0.0035520728056946584,-0.00026015574020941447,0.008921966794657125,0.0056002660783163825,-0.20340519475936067,-0.20408958437673436,0.005235559105571198,0.019893681293951693,-0.0584622249696497,-0.05813304262139826,-0.16632627169022002,-0.02535084118877601,0.014530162113666754,-0.09319791004238707,-0.0748222694293112,-0.15204481876928375,-0.0584622249696497,-0.01965255395653311,-0.002646735605223309,0.0042917876404889085,0.004662586558030267,0.004320154394244949,-0.0006933616741470909,-0.011308155499426507,-0.35890133917674183,-0.2165622020801641,0.14826576375417674,0.006439708549525026,0.8603519783503841,1.0,-0.920178223636515,-0.004718563375917621,0.007979603358691856,0.002168904024326369,-0.5430835984428509,-0.004095830317643871,0.007442559552189761,0.0019049228403554865,-0.48079340544706234,-0.06857640569374923,-0.5445822246719643,-0.014238936560978651,0.12753480150968646,-0.06373170165682153,-0.05870125716873872,-0.061321192429249875,-0.2086903549253109,-0.045643115146439026,-0.04156415519301449,-0.04368234020362378,-0.20952547752849032,-0.2766359150526418,-0.2772746590552638
-0.029398396570473023,-0.002474284670340255,0.001194639620481296,-0.00787633098044654,-0.004632236842553288,0.2195087276629695,0.2202386883528963,-0.004094572649207639,-0.022633409557581394,0.06357843913421204,0.06325583610012565,0.17730444378154356,0.03326628642667195,-0.016157078236484414,0.07499529645903193,0.09059209284450295,0.1548939328635687,0.06357843913421204,0.029516433231029586,-0.006291339797955505,-0.0031852002554034783,-0.0037562781181736614,-0.004312781105490563,0.01585507189814036,0.017272212942200285,0.3546949650390264,0.21039014725622995,-0.15887102294641306,0.02216742286558774,-0.9712467406967344,-0.920178223636515,1.0,0.006596587694065199,-0.007104010642379008,-0.0009152484228758277,0.5757458251103411,0.006173214043775519,-0.006802154478783018,-0.0006592611992763445,0.5365899941402043,0.10108421626860829,0.5775090236764306,0.019893345685789276,-0.12222562659030946,0.08377113704084885,0.0781563856824912,0.08104594869607906,0.24164528412611122,0.05935898905695649,0.054775181411543604,0.05712561299037549,0.24246929027302871,0.28501789549909,0.2852516751317755
-0.8672996241609995,0.9997593500645029,0.9995850041256084,0.9993672742040861,0.9990779321547326,0.1772003721302573,0.12138268257583008,0.9995280729812969,0.9720333758206203,0.001254518641217905,0.0014058518730299958,-0.16035496725444012,-0.14393243920444376,-0.12126067426846848,0.09401154005031316,-0.011210296064324832,-0.12278742483750431,0.001254518641217905,-0.05024694603879855,0.01280014369969373,0.9989155251038302,0.9978123426120903,0.9954429422555473,-0.02170486111108849,-0.008835019847652299,-0.03802535302761573,-0.09144542395293119,0.031462719189771886,0.004135935139858134,-0.008737100646773164,-0.004718563375917621,0.006596587694065199,1.0,0.9997395814064544,0.999915745694541,0.034481350602892404,0.9999842770642324,0.9997347832961382,0.9999166813456388,0.035634217501582306,-0.17986697461455262,-0.03361246158513418,0.018186873568688824,0.010231492135125217,0.34492348897229885,0.3468814214500123,0.34589435711231736,0.03372171065836483,0.6786829447711471,0.6815525927935251,0.6801242287866252,0.06709084918394384,0.08627639942426618,0.12000208371370598
-0.8657734337122607,0.9998063886613263,0.9995761644767279,0.9995512961738349,0.999206725740884,0.17092953981503686,0.1150931974783761,0.999623744102335,0.9728280078160012,-0.001146974855564989,-0.0009868582155647715,-0.16634490818206235,-0.14626557852887118,-0.12164086500575819,0.09221267764461949,-0.014373557179525796,-0.12706141901957702,-0.001146974855564989,-0.05061869045531086,0.01278064874219262,0.9990651194580606,0.9980419236689896,0.9957733403839281,-0.024221916037436203,-0.011241761676167392,-0.04559344266278147,-0.0959293710354188,0.03611248229653887,0.002725477338453381,0.004629345486233042,0.007979603358691856,-0.007104010642379008,0.9997395814064544,1.0,0.9999313762053152,0.012479143267324227,0.9997465380077946,0.99998696494192,0.999930055723186,0.014180318075375816,-0.18474133932879408,-0.055540581215957625,0.01809354976370841,0.012285255034521325,0.3409975217101392,0.3430951378423469,0.3420355594066032,0.027177069074826508,0.6759335199708806,0.6789211674007004,0.6774318247047783,0.06053387561631292,0.08021253374181324,0.11393010706213126
-0.8666088714519804,0.9998491144577285,0.9996370523130914,0.9995167503098334,0.9991899005867902,0.17396062579808497,0.11812511811296657,0.9996343745661858,0.972476571813867,0.0006079567847950877,0.0007642966754800855,-0.1634932629115808,-0.14516625842131045,-0.12135524826210962,0.0929994109658488,-0.012370223592898862,-0.12526300527320539,0.0006079567847950877,-0.05076615699635146,0.013101422883800071,0.9990332967530253,0.997964757570669,0.9956281781846645,-0.022648395222416948,-0.009879636414841226,-0.041851501101047954,-0.09367729976642254,0.03405447630384945,0.003503634270966528,-0.0013941791848762508,0.002168904024326369,-0.0009152484228758277,0.999915745694541,0.9999313762053152,1.0,0.02286311309348448,0.9999190035946862,0.9999287570743597,0.9999985023574532,0.02428607644571646,-0.1820793513987745,-0.045205753518166546,0.018137687818312275,0.011478627824365675,0.3429666845963087,0.3450045200021366,0.34397709908754387,0.03005688234797069,0.6773040772011776,0.6802404373971093,0.6787784857219663,0.06342149964023455,0.08285486600313936,0.11658252909403072
-0.08259184193730047,0.02175854077721905,0.0239680063566076,0.016241406428448898,0.018440994913299466,0.25119839726554233,0.2507269690423678,0.019811220187257998,-0.007913766986810417,0.09838967307928992,0.09799640014666375,0.24640927751888328,0.10474477267440986,0.021699931694162674,0.07157261517199863,0.13544225549408714,0.1725211450513575,0.09838967307928992,0.018912472014352383,-0.005011030221255981,0.01776000884803209,0.0142812192884309,0.009748248118704077,0.10983016777525426,0.10365536729577833,0.30217885074272627,0.18166155101917134,-0.19341172834153667,0.049620189600916235,-0.5544891721611204,-0.5430835984428509,0.5757458251103411,0.034481350602892404,0.012479143267324227,0.02286311309348448,1.0,0.03395873451951071,0.012561126879170615,0.022961121829384687,0.9717933663744077,0.19241313292014073,0.9942474617123622,0.0038037280808338302,-0.090208440380419,0.16513407124567983,0.1590097071413572,0.16217277027958807,0.28619148463266825,0.1260313866592379,0.12092224367632536,0.12355064531023682,0.2876829097543185,0.24315877863775792,0.24428304013614083
