index,closePrice,highPrice,lowPrice,openPrice,totalValue,totalVolume,vwap,bcClosePrice,ret,retLog,retVar,retSkr,retKur,retAc,retBc,corrBc,label,label5,retTrackBc,ma5,ma10,maDiff10,priceAmp,sIndicator,index,spread_max,spread_min,spread_mean,spread_std,lastPrice_max,lastPrice_min,lastPrice_mean,lastPrice_std,midPrice_max,midPrice_min,midPrice_mean,midPrice_std,trackError_max,trackError_std,midSpread_z_score_,deal_sum,volumePerDeal_max,volumePerDeal_min,volumePerDeal_mean,volumePerDeal_std,valuePerDeal_max,valuePerDeal_min,valuePerDeal_mean,valuePerDeal_std,volumePerDeal,valuePerDeal
1.0,-0.8579811456546943,-0.8624763874734757,-0.8630438899009223,-0.8631263835489975,-0.05756734979475807,-0.04985006465067651,-0.8607385748647246,-0.7551737025869729,0.05188880043568868,0.05224145205254401,-0.7082293870149843,0.06669901225092979,-0.01548258434438419,-0.12849697068080904,-0.103041740623332,-0.35812366732984585,0.05188880043568868,0.28729860259361445,0.10758973430108144,-0.875267502342763,-0.8896530881058298,0.29058678217544165,-0.3678172766209212,-0.34377415553050916,0.9999929337230947,0.01016476027044914,0.2105726389553474,0.17030669913588403,-0.21048684652462876,-0.8567862650948034,-0.8581899948256654,-0.8583128409330705,-0.3653785394341376,-0.8559750820241198,-0.8563668836364078,-0.8583597332799727,-0.37338130218480386,-0.34328335553046013,-0.34842308597836114,0.22094755026457874,0.9969121279946399,-0.8702071217367395,-0.8602357333305921,-0.8657642897250789,-0.4745751274673396,-0.8886267271699271,-0.8821296562354526,-0.8857046310194269,-0.4777615960942898,-0.6096766343853495,-0.6101736032970811
-0.8579811456546943,1.0,0.9930760620158424,0.9931755665385432,0.9831716844900298,-0.07428258055666179,-0.0833835332304604,0.9947375694774333,0.631009326754711,0.05892388487412514,0.05854352999752373,0.7658498852352824,-0.055381991238650646,-0.14751465395759353,0.13981513808225338,0.23530959746015426,0.5459017502872576,0.05892388487412514,-0.3644032149932086,-0.038667105881271244,0.9856594663919548,0.9758925144851963,-0.08505286847726579,0.42695702394103224,0.41149664971899075,-0.8584380974175121,0.013137383532839664,-0.23619564218715505,-0.21340819279850906,0.2621750140709773,0.9924480475565671,0.9936949146878377,0.9949089409098566,0.42147658664278587,0.9927544818478472,0.9939578110065382,0.994696247490983,0.42932868155055637,0.7489093258117024,0.40641157134873584,-0.2630810277256692,-0.8674716244760385,0.8395008132155631,0.8228790326605264,0.8318210239841445,0.5036521682450888,0.8554260618205215,0.8426502153018622,0.849440425702228,0.5069728955395763,0.6277017714308195,0.6297748709093247
-0.8624763874734757,0.9930760620158424,1.0,0.9919956514144901,0.9922515248304863,-0.04421130697735687,-0.05339397172136424,0.9972615128816928,0.6364064814382899,-0.02311497249505592,-0.023530272510068253,0.7804686126060377,-0.05596311592039597,-0.14559773792532238,0.14239100695189186,0.1857796685084637,0.552710636398571,-0.02311497249505592,-0.3317707893529302,-0.11178579962951662,0.9871817462533423,0.9781536096224464,-0.09221557268762788,0.4861507844402665,0.4349851969017896,-0.8628921234146312,0.009607743865236353,-0.2520417803126113,-0.2297419648863903,0.27975151804576187,0.9875551666860928,0.9875421746849452,0.9893445816556508,0.4230838825340671,0.9881098960319683,0.9881634823349347,0.9896689831647805,0.43139481310035,0.7325466273574078,0.4080398203105731,-0.22767628798061512,-0.8716721693843856,0.8457950785379001,0.8273755716493447,0.8372385597373929,0.5192244629726603,0.8615032971968617,0.8470941974468161,0.854717570293909,0.5225085670608263,0.6435822541290952,0.6455030615299904
-0.8630438899009223,0.9931755665385432,0.9919956514144901,1.0,0.9924400352833587,-0.07879069558462347,-0.0879293207680924,0.9973980387633802,0.6386574308312299,-0.031310441041873596,-0.0316482880442022,0.7573687186424632,-0.06301165607391558,-0.14596871282953705,0.15221251176673178,0.1840111435147392,0.5359489428745254,-0.031310441041873596,-0.345342533646904,-0.12054163786648188,0.9892751568969935,0.9793638892135539,-0.08435304237284344,0.37191536210593507,0.3636796590287343,-0.8634997504789632,0.006830585322232838,-0.21589130315762037,-0.19396579223581875,0.23954553753224617,0.9838551638753102,0.9888385096695972,0.9881074789963159,0.3902067997663842,0.9847094159709072,0.9895307417700505,0.9881635293316958,0.39828317403479335,0.7214480846023176,0.3731946933442132,-0.23998056585882277,-0.8732517131537076,0.8391189343826125,0.8224508567425411,0.8314247385700554,0.5031842035510503,0.8554921352450177,0.84271439952643,0.8495131720862555,0.5064259785125536,0.6233164765931211,0.6253804264860332
-0.8631263835489975,0.9831716844900298,0.9922515248304863,0.9924400352833587,1.0,-0.042192733531213764,-0.051392775842777544,0.9942491013049135,0.6386564455607188,-0.11176120734649449,-0.11213585818838138,0.7686557781118861,-0.06322574149905319,-0.1497912293470698,0.15400342308148585,0.13033036816014168,0.5460714949710574,-0.11176120734649449,-0.3146040888857862,-0.18991223589048162,0.9889932020308435,0.9802951109196484,-0.09561750900551443,0.426279787708143,0.39383786614626354,-0.8635605119116532,0.01072741991164153,-0.2272537080856535,-0.2054069556704136,0.25275980324266406,0.9752354150740405,0.9791540829138738,0.9790690658863146,0.39605656046183396,0.9766382143810254,0.9798698060526964,0.9794447373727684,0.4027230040974428,0.7030287112960747,0.37895783819578527,-0.21557191659473168,-0.8729271408130304,0.8501252926596453,0.8320303273430404,0.8417940398273717,0.5198269542714613,0.865527903747891,0.8514148017083187,0.8589503418314052,0.5229937379476377,0.63854126640389,0.6403815965433889
-0.05756734979475807,-0.07428258055666179,-0.04421130697735687,-0.07879069558462347,-0.042192733531213764,1.0,0.9999442457391867,-0.06393295320370794,0.08599251200481835,-0.22355823431725053,-0.22373513255485097,-0.0287834724235804,0.029822754632455515,0.0069576393795425275,-0.020964148882801282,-0.11805588247979903,-0.06464995502919473,-0.22355823431725053,0.09670368683834615,-0.2069724754896764,-0.014584268060779247,0.011030424940648305,-0.23629254505922517,0.22110601277916747,-0.038478218609047404,-0.05655825396103839,-0.057334296097081225,-0.15159492158744137,-0.12238898130826908,0.1526928539105485,-0.06133352955864688,-0.08870468862615807,-0.07292524563170386,0.16573321879494599,-0.05885422349419399,-0.08656809022679271,-0.07036367339806517,0.17659047027832908,-0.21165789792058556,0.16210711264398414,0.17262283841049145,-0.0490898664501765,0.040080705116960824,0.027935268907172236,0.03327227886247676,0.09265941572428317,0.041092639144503056,0.029872701113454397,0.03471582317925092,0.09389972263454394,0.4682937125164987,0.4645134548368425
-0.04985006465067651,-0.0833835332304604,-0.05339397172136424,-0.0879293207680924,-0.051392775842777544,0.9999442457391867,1.0,-0.07312231617770593,0.08019706906316146,-0.22259739527713163,-0.22277002878732102,-0.03534799548877541,0.029657296164748367,0.008915707981698223,-0.022437884594141266,-0.11978275452727463,-0.068743492791955,-0.22259739527713163,0.0995038497442367,-0.2050629203454515,-0.02384594579357702,0.0017621297650416506,-0.234575686681092,0.2168510248084355,-0.0420905315133856,-0.04883594448417553,-0.057158572163989334,-0.14868094690094874,-0.11985607451415217,0.14956523290674648,-0.07036883930744856,-0.09775447182007482,-0.08200287129200448,0.16179096870876752,-0.06791500740824066,-0.09563310103293837,-0.07944665783767481,0.17273931419516317,-0.21837571520451932,0.1583615953444079,0.17471469328982647,-0.041261258177972694,0.0318275646850372,0.019869985875759374,0.02510776330805728,0.0875862847457086,0.03273715984548663,0.021670602138925348,0.02643399921905503,0.08878270600090263,0.46019906289619794,0.45640201785101686
-0.8607385748647246,0.9947375694774333,0.9972615128816928,0.9973980387633802,0.9942491013049135,-0.06393295320370794,-0.07312231617770593,1.0,0.6344944548834873,-0.02963310826365635,-0.030017305707762697,0.7693567593198066,-0.06016270529423856,-0.15033313396687517,0.1466701155058251,0.1859461393309574,0.546720871856026,-0.02963310826365635,-0.3385351349815888,-0.11946774899167713,0.9895783704668057,0.979443859948279,-0.08232512489060607,0.42863264164863835,0.4055591280939526,-0.8611730408371076,-0.0020613926079167556,-0.23395965446466105,-0.21609032980938017,0.2601918509447113,0.9877999671357789,0.9907066531260518,0.9910189739941534,0.4062351130594602,0.988558787171152,0.991446084163312,0.9912023077201607,0.4121836248616157,0.7333529429670089,0.3905999405008483,-0.23468335186397846,-0.8704493312028733,0.8419347140233215,0.8238875886910485,0.8336283478540939,0.5142871989769975,0.8579398652807875,0.8438910114517078,0.85139213392905,0.5175373521452413,0.6334284302958839,0.635457132379547
-0.7551737025869729,0.631009326754711,0.6364064814382899,0.6386574308312299,0.6386564455607188,0.08599251200481835,0.08019706906316146,0.6344944548834873,1.0,-0.06104826773180532,-0.06123682146224997,0.3797586068360887,-0.16345902237541093,0.11423976978885265,0.11535352567420386,0.06700258218354645,0.07017264523649822,-0.06104826773180532,-0.37381304962957235,-0.10182503551180241,0.6481967705907318,0.6620660173226316,-0.2451916223075114,0.2594057319777852,0.21225955677926356,-0.7559071933871678,-0.05996286962725857,-0.2210128245638352,-0.2039440756379525,0.2180214254577315,0.6244716587603969,0.6270594692778816,0.6246429759120126,0.23795512923490172,0.625794484423394,0.6306740945362849,0.626419860925111,0.22566837097950154,0.24097433916952288,0.22426116944716798,-0.04449994730155895,-0.7884373532082205,0.6449706231420669,0.6539842124123393,0.6482053816237191,0.24442936456214484,0.6570242604090578,0.6671290883193269,0.66078981422688,0.24598600354160208,0.26965359863547483,0.2692375911943031
0.05188880043568868,0.05892388487412514,-0.02311497249505592,-0.031310441041873596,-0.11176120734649449,-0.22355823431725053,-0.22259739527713163,-0.02963310826365635,-0.06104826773180532,1.0,0.9999995073904372,-0.005923616525506245,0.04891450991088112,0.028672165515304302,-0.04352948249178682,0.5350410813195169,-0.011335219846425125,1.0,-0.2738759710956153,0.9226306763887631,-0.06020054170827391,-0.06247808799237965,0.03200018594194676,0.04528825910993311,0.09414084767560388,0.05177471652948299,0.01707521180944935,-0.07075910444663315,-0.06994031053681506,0.07333997691589364,0.06551830489638762,0.0498491427938749,0.056743951893767415,0.14590096951402043,0.05865482800533676,0.04626513736788783,0.05416676648150042,0.1407710696192117,0.23434190881155628,0.15660322520105088,-0.2151557561344805,0.05427159449224136,-0.07153617425902568,-0.06474129313646053,-0.06975811119874484,-0.07629257155913038,-0.07037875121497829,-0.06432494610716448,-0.06880670163263701,-0.07581466108400142,-0.11680810449950502,-0.11560227769588952
0.05224145205254401,0.05854352999752373,-0.023530272510068253,-0.0316482880442022,-0.11213585818838138,-0.22373513255485097,-0.22277002878732102,-0.030017305707762697,-0.06123682146224997,0.9999995073904372,1.0,-0.0063914601057981895,0.04882896185465614,0.028739656936227858,-0.043517346260413765,0.5348970525922295,-0.011677442055143412,0.9999995073904372,-0.273842365321831,0.9226958543540948,-0.06057369867428211,-0.06285414804851196,0.03209394829855725,0.044574446532785306,0.09329105178554245,0.05212709890619022,0.01704318845878427,-0.07058927966247747,-0.06975172663459574,0.0731333646589111,0.06512682564687489,0.0494715531578795,0.05635487695506499,0.1456156686246366,0.05826219552865707,0.045890957372711816,0.05377831403639189,0.1404696690415842,0.23404902185034496,0.1563125602829512,-0.2150435279572926,0.054616184189200626,-0.07190622013104386,-0.0651026092530659,-0.07012334066438711,-0.07651555666250005,-0.07075240993618884,-0.064691425146801,-0.06917627471907711,-0.07603933974971203,-0.11724760603408148,-0.11604181648410186
-0.7082293870149843,0.7658498852352824,0.7804686126060377,0.7573687186424632,0.7686557781118861,-0.0287834724235804,-0.03534799548877541,0.7693567593198066,0.3797586068360887,-0.005923616525506245,-0.0063914601057981895,1.0,-0.09645863581538662,-0.07571771333787272,0.1405346196339567,0.14587009052567984,0.6997308551155395,-0.005923616525506245,-0.12855690536134115,-0.07350562834338382,0.7641753141238689,0.7600913790072652,-0.09847520269536914,0.4960407742577572,0.47620912088097617,-0.7076715320879646,0.056706141247724384,-0.22466897493480198,-0.19008542277909452,0.24943229469009168,0.7792660486518738,0.7678252579330223,0.776314303668127,0.4163830447903835,0.7755976006416396,0.7674644932888689,0.7763642209990564,0.41254179506096966,0.5644775788508914,0.41381324559726423,-0.15921467339442064,-0.6969254277458209,0.676523934944015,0.6686466679648603,0.6719444420847434,0.37282544705673754,0.6892657797934151,0.6840048917770869,0.6859852422284158,0.37533445844284463,0.5257965720493172,0.5270270407888237
0.06669901225092979,-0.055381991238650646,-0.05596311592039597,-0.06301165607391558,-0.06322574149905319,0.029822754632455515,0.029657296164748367,-0.06016270529423856,-0.16345902237541093,0.04891450991088112,0.04882896185465614,-0.09645863581538662,1.0,0.14619077143712983,-0.19631662324438934,0.0781604093344233,-0.108795384702405,0.04891450991088112,0.04114744904150387,0.02139566055756297,-0.06322040602709365,-0.06101904087443887,-0.009233308293937837,0.024453793478165405,0.03975438570955498,0.06641837644626523,0.023403281983372805,-0.07926965240168694,-0.11339502218259648,0.09040410466410073,-0.048233941467837015,-0.055542485217536706,-0.05036733466775733,0.012871614884519223,-0.04800608645369516,-0.05938220704791498,-0.04992032751955986,0.009289511128871514,-0.053471024184637984,0.016566888523544526,-0.020533353235163806,0.07345620773482563,-0.07122181120994384,-0.07797268147997245,-0.07579172909756285,0.00029806231093149434,-0.06813990133888376,-0.07421959260321848,-0.07224017875888679,0.000776557473742363,0.13747838596034226,0.13786553638022753
-0.01548258434438419,-0.14751465395759353,-0.14559773792532238,-0.14596871282953705,-0.1497912293470698,0.0069576393795425275,0.008915707981698223,-0.15033313396687517,0.11423976978885265,0.028672165515304302,0.028739656936227858,-0.07571771333787272,0.14619077143712983,1.0,-0.09830652675475218,-0.02745796152406441,-0.15268134382056622,0.028672165515304302,0.056917655714375924,0.04599253929031959,-0.15635591353296394,-0.15479559948690697,0.013389641546441292,-0.059889492312517674,-0.06981651006230027,-0.015823107993669577,0.027769939620375057,0.027851132634448585,0.050994955702199946,-0.05123139498472458,-0.14261407551015978,-0.14718798001815264,-0.1473749693256238,-0.0660098894707904,-0.1479178327706284,-0.15046378436318963,-0.14861148427124338,-0.053928417301241545,-0.2644303292578809,-0.06754101178198818,-0.05728277177980176,-0.015530062584407289,-0.16490326162110172,-0.1665959159135868,-0.16515486778552205,-0.06904847688890335,-0.1550353773955967,-0.15613207884524685,-0.15505982428740497,-0.06923742075149661,-0.11342775705622601,-0.11401570632080325
-0.12849697068080904,0.13981513808225338,0.14239100695189186,0.15221251176673178,0.15400342308148585,-0.020964148882801282,-0.022437884594141266,0.1466701155058251,0.11535352567420386,-0.04352948249178682,-0.043517346260413765,0.1405346196339567,-0.19631662324438934,-0.09830652675475218,1.0,-0.0529135322778319,0.1117508143505055,-0.04352948249178682,-0.1599119223989493,-0.026637766002485606,0.14121484894024444,0.12418266862329189,0.13361663447370292,-0.0072782477070378075,0.0478932003643807,-0.12823859322143588,0.01574377965680534,0.01290165657116807,0.014239947099497939,-0.02332591888666887,0.13393400132876396,0.1405977888821499,0.13710303418778236,0.01308677517874474,0.13371194516101184,0.14310295323333003,0.13827266448802963,-0.009032012232730126,0.12983558584109933,0.00728310823610566,0.005909253659472007,-0.1220087932246288,0.1184952574343216,0.11079794232589735,0.11679553841131482,0.11510871646475461,0.11857275005770362,0.11176212788794697,0.11708922820188328,0.11570442549613694,0.05924415173194496,0.05933168513264992
-0.103041740623332,0.23530959746015426,0.1857796685084637,0.1840111435147392,0.13033036816014168,-0.11805588247979903,-0.11978275452727463,0.1859461393309574,0.06700258218354645,0.5350410813195169,0.5348970525922295,0.14587009052567984,0.0781604093344233,-0.02745796152406441,-0.0529135322778319,1.0,0.08739030264178518,0.5350410813195169,-0.20112482746990035,0.16780889403756882,0.16767891438360324,0.15516128389129588,0.08678172715671567,0.0910206858150476,0.1393362414405536,-0.10321939625344934,-0.022440939025747873,-0.04850389983644565,-0.063173357875576,0.04563660588197468,0.2418305662068582,0.235300537271028,0.24263601172990404,0.18085190623857242,0.24025289663110247,0.23186838572065502,0.2402454450054466,0.18737934587656438,0.3325817198634572,0.1942804351780487,-0.2066544098763485,-0.10344953670815178,0.0503092525308866,0.051106354831121796,0.04604719309476774,0.006055457397115325,0.058804960155778976,0.06001530648756676,0.055137063192519986,0.007502390364253386,0.16487896220822001,0.16628149317733662
-0.35812366732984585,0.5459017502872576,0.552710636398571,0.5359489428745254,0.5460714949710574,-0.06464995502919473,-0.068743492791955,0.546720871856026,0.07017264523649822,-0.011335219846425125,-0.011677442055143412,0.6997308551155395,-0.108795384702405,-0.15268134382056622,0.1117508143505055,0.08739030264178518,1.0,-0.011335219846425125,-0.06843242450485268,-0.0531228628256163,0.5430478894613968,0.5254299224520343,0.067269100054302,0.3538735739301126,0.38300083777363847,-0.35762383644520856,0.07155968476073647,-0.14335647902626716,-0.13353478990852555,0.1720157045447545,0.5549002178007513,0.5369659066844309,0.549269059889942,0.3833209853261695,0.5539167650066852,0.5382613408814046,0.5482356999470779,0.3859651550594751,0.557215025301598,0.38495329657337707,-0.16557179128374616,-0.35191327087654023,0.4499320200455288,0.44740593151461183,0.44987958551852003,0.23011046655312858,0.4534664541520545,0.45210986600515346,0.45387845702197316,0.23150203803190575,0.27666015601277544,0.2778659651210403
0.05188880043568868,0.05892388487412514,-0.02311497249505592,-0.031310441041873596,-0.11176120734649449,-0.22355823431725053,-0.22259739527713163,-0.02963310826365635,-0.06104826773180532,1.0,0.9999995073904372,-0.005923616525506245,0.04891450991088112,0.028672165515304302,-0.04352948249178682,0.5350410813195169,-0.011335219846425125,1.0,-0.2738759710956153,0.9226306763887631,-0.06020054170827391,-0.06247808799237965,0.03200018594194676,0.04528825910993311,0.09414084767560388,0.05177471652948299,0.01707521180944935,-0.07075910444663315,-0.06994031053681506,0.07333997691589364,0.06551830489638762,0.0498491427938749,0.056743951893767415,0.14590096951402043,0.05865482800533676,0.04626513736788783,0.05416676648150042,0.1407710696192117,0.23434190881155628,0.15660322520105088,-0.2151557561344805,0.05427159449224136,-0.07153617425902568,-0.06474129313646053,-0.06975811119874484,-0.07629257155913038,-0.07037875121497829,-0.06432494610716448,-0.06880670163263701,-0.07581466108400142,-0.11680810449950502,-0.11560227769588952
0.28729860259361445,-0.3644032149932086,-0.3317707893529302,-0.345342533646904,-0.3146040888857862,0.09670368683834615,0.0995038497442367,-0.3385351349815888,-0.37381304962957235,-0.2738759710956153,-0.273842365321831,-0.12855690536134115,0.04114744904150387,0.056917655714375924,-0.1599119223989493,-0.20112482746990035,-0.06843242450485268,-0.2738759710956153,1.0,-0.22776467655570745,-0.33070078212790494,-0.3325760585302539,0.07658903573900783,-0.048136155963702514,-0.08547252156670865,0.286898294126801,-0.038604540556633746,0.04151246931070969,0.0556763929710562,-0.06496483724624078,-0.32725825591856816,-0.3426915710173141,-0.3379030992889073,-0.03926752519377785,-0.32958807722562095,-0.3412852221145184,-0.33683547443833367,-0.05387369862181321,-0.23230591561508007,-0.014247534316027037,0.10689537516128958,0.2925001431621577,-0.2153323602540634,-0.20180154087009045,-0.2098461162169802,-0.19721058176832684,-0.2265015325775941,-0.21535897253191036,-0.2219776767364442,-0.19759345756713922,-0.11146546854188873,-0.11274114634109585
0.10758973430108144,-0.038667105881271244,-0.11178579962951662,-0.12054163786648188,-0.18991223589048162,-0.2069724754896764,-0.2050629203454515,-0.11946774899167713,-0.10182503551180241,0.9226306763887631,0.9226958543540948,-0.07350562834338382,0.02139566055756297,0.04599253929031959,-0.026637766002485606,0.16780889403756882,-0.0531228628256163,0.9226306763887631,-0.22776467655570745,1.0,-0.14679714493278911,-0.14374017469974404,-0.0022773560748528625,0.011293178525542577,0.046241520420191494,0.10753771519173842,0.030169764620933515,-0.060424864844154776,-0.05277244027838349,0.06474545340761825,-0.03394912783770588,-0.04925220066632042,-0.044555544067373005,0.08768695904566506,-0.04123780793245247,-0.051867478110409385,-0.04647148276178076,0.07872098456779028,0.12161932836632518,0.09404485443193394,-0.15672021585589277,0.11055636353644527,-0.10644234410500665,-0.09887735889992114,-0.10242180026405509,-0.09178955331535156,-0.1089702652390327,-0.10245869108822835,-0.10546136690373666,-0.09189244588357634,-0.21157372678767042,-0.21080695000936286
-0.875267502342763,0.9856594663919548,0.9871817462533423,0.9892751568969935,0.9889932020308435,-0.014584268060779247,-0.02384594579357702,0.9895783704668057,0.6481967705907318,-0.06020054170827391,-0.06057369867428211,0.7641753141238689,-0.06322040602709365,-0.15635591353296394,0.14121484894024444,0.16767891438360324,0.5430478894613968,-0.06020054170827391,-0.33070078212790494,-0.14679714493278911,1.0,0.9943268252018481,-0.1257968051400954,0.4108416170439419,0.38536094517359626,-0.8756806709744577,0.01308525627440811,-0.2485911772687499,-0.21933107324791312,0.2735267556131127,0.9804610289404351,0.9820867255837973,0.9835894181377053,0.41501934783478817,0.9819092218962333,0.9824908253191793,0.9838236059057022,0.42374005698339423,0.6940263249872566,0.3984689615544206,-0.2266677168447227,-0.8851763974380799,0.8630298103810764,0.8453828615338707,0.8553078312712132,0.5187606019850708,0.8785660642536438,0.8648743251248374,0.8725421704612619,0.5220233964629852,0.6692803113933908,0.6709628935739714
-0.8896530881058298,0.9758925144851963,0.9781536096224464,0.9793638892135539,0.9802951109196484,0.011030424940648305,0.0017621297650416506,0.979443859948279,0.6620660173226316,-0.06247808799237965,-0.06285414804851196,0.7600913790072652,-0.06101904087443887,-0.15479559948690697,0.12418266862329189,0.15516128389129588,0.5254299224520343,-0.06247808799237965,-0.3325760585302539,-0.14374017469974404,0.9943268252018481,1.0,-0.23060621535779036,0.41301397086238345,0.3761630827261067,-0.8900125728589345,0.008549770570245595,-0.2523119882741622,-0.21961091264437,0.2738226399871507,0.9713617527094058,0.9722887055209817,0.9740977748451698,0.41559830658454755,0.9728869956090268,0.9725256467973775,0.9745283578494124,0.42631929240207067,0.6538180300726197,0.3972681925409178,-0.21238480483924063,-0.8992686180380813,0.8835542997626659,0.8648444401128613,0.8754091498992759,0.5383219039448538,0.8984740652165017,0.883794601665801,0.8920531066566826,0.5416434476608971,0.6866699125775543,0.6881434675287271
0.29058678217544165,-0.08505286847726579,-0.09221557268762788,-0.08435304237284344,-0.09561750900551443,-0.23629254505922517,-0.234575686681092,-0.08232512489060607,-0.2451916223075114,0.03200018594194676,0.03209394829855725,-0.09847520269536914,-0.009233308293937837,0.013389641546441292,0.13361663447370292,0.08678172715671567,0.067269100054302,0.03200018594194676,0.07658903573900783,-0.0022773560748528625,-0.1257968051400954,-0.23060621535779036,1.0,-0.09368161115960709,0.016917849859276364,0.2901599289854412,0.03996237132682268,0.07912798347929284,0.04180627200256652,-0.05164114307720457,-0.0903510307910841,-0.08412462823546824,-0.08725063618929929,-0.0795671936290186,-0.091328451740044,-0.08263781843283363,-0.08912419408340562,-0.09978150706784417,0.2509797097399832,-0.06001062987334201,-0.09270406601952308,0.28962147566425084,-0.34565511306007063,-0.3325880740467007,-0.34032837137439714,-0.27514800558981395,-0.3426818105443109,-0.33102283674352334,-0.3379020120114589,-0.27627902714095526,-0.281792487746316,-0.2801436588229895
-0.3678172766209212,0.42695702394103224,0.4861507844402665,0.37191536210593507,0.426279787708143,0.22110601277916747,0.2168510248084355,0.42863264164863835,0.2594057319777852,0.04528825910993311,0.044574446532785306,0.4960407742577572,0.024453793478165405,-0.059889492312517674,-0.0072782477070378075,0.0910206858150476,0.3538735739301126,0.04528825910993311,-0.048136155963702514,0.011293178525542577,0.4108416170439419,0.41301397086238345,-0.09368161115960709,1.0,0.6801472655902713,-0.36772133585633693,0.023247636693853796,-0.35922618454912975,-0.3469933295682617,0.3992789917548865,0.45095846199970796,0.4163271632288391,0.4346544483936362,0.41007675752494144,0.4491563692298899,0.4161288707699241,0.4366602905377954,0.41526141633383784,0.3919829061840449,0.4172229899913651,-0.012238962543154756,-0.3648462391158844,0.41099987198858967,0.3910422622590552,0.4013857767229445,0.33420129069143284,0.41313859867424213,0.39573018628732004,0.40466821030045697,0.33590547685171646,0.41692310885729206,0.41675262790055884
-0.34377415553050916,0.41149664971899075,0.4349851969017896,0.3636796590287343,0.39383786614626354,-0.038478218609047404,-0.0420905315133856,0.4055591280939526,0.21225955677926356,0.09414084767560388,0.09329105178554245,0.47620912088097617,0.03975438570955498,-0.06981651006230027,0.0478932003643807,0.1393362414405536,0.38300083777363847,0.09414084767560388,-0.08547252156670865,0.046241520420191494,0.38536094517359626,0.3761630827261067,0.016917849859276364,0.6801472655902713,1.0,-0.3437804390486802,0.0448816754756451,-0.16940862168727397,-0.19600849574390075,0.201183101137634,0.41979797195610014,0.4004780904159464,0.41370029945522213,0.32799957784604233,0.4205291487026268,0.39963204205994807,0.41324810701948417,0.34043838876848503,0.36876475555189253,0.331988408551602,-0.12197038730854565,-0.3400057360110069,0.36490305376049553,0.3597410402040419,0.36288567306059416,0.20391294424953724,0.36814431656635344,0.3642348701018602,0.3666520454199707,0.20535681864853417,0.26317680109533054,0.26387121406862324
0.9999929337230947,-0.8584380974175121,-0.8628921234146312,-0.8634997504789632,-0.8635605119116532,-0.05655825396103839,-0.04883594448417553,-0.8611730408371076,-0.7559071933871678,0.05177471652948299,0.05212709890619022,-0.7076715320879646,0.06641837644626523,-0.015823107993669577,-0.12823859322143588,-0.10321939625344934,-0.35762383644520856,0.05177471652948299,0.286898294126801,0.10753771519173842,-0.8756806709744577,-0.8900125728589345,0.2901599289854412,-0.36772133585633693,-0.3437804390486802,1.0,0.010615625660366333,0.21105033511471563,0.17085944018490848,-0.21090273661666248,-0.857231956128075,-0.8586680309855617,-0.8587711026679734,-0.36531038210517347,-0.8564143006626215,-0.8568646402555509,-0.8588143024047844,-0.37306688473269245,-0.3441584254541252,-0.3483887765531621,0.22170346356452755,0.9970720356424173,-0.8708712400767218,-0.8610095035652106,-0.866473834644149,-0.4741877176789216,-0.8892397166830394,-0.8828400918935619,-0.8863579219577592,-0.4773737025054025,-0.6089786456248187,-0.6094774759867537
0.01016476027044914,0.013137383532839664,0.009607743865236353,0.006830585322232838,0.01072741991164153,-0.057334296097081225,-0.057158572163989334,-0.0020613926079167556,-0.05996286962725857,0.01707521180944935,0.01704318845878427,0.056706141247724384,0.023403281983372805,0.027769939620375057,0.01574377965680534,-0.022440939025747873,0.07155968476073647,0.01707521180944935,-0.038604540556633746,0.030169764620933515,0.01308525627440811,0.008549770570245595,0.03996237132682268,0.023247636693853796,0.0448816754756451,0.010615625660366333,1.0,0.32036253251511493,0.5762140312952717,-0.27643836909055186,-0.013221103753392374,0.010255116740875718,0.0024101547121028848,-0.1641975689499111,-0.005282303648483853,-0.004117092929479467,-0.0006910605915068386,0.011039213824058756,-0.021862591504887004,-0.16972354863222763,-0.046080422027969796,0.016945441978188074,0.01036736078429883,0.0065364307391900835,0.008767542544272094,0.029347088943012554,0.00918032115900495,0.0056371593330418485,0.007687601924769065,0.029318622882454,-0.0020685030788563474,-0.0018219816631391008
0.2105726389553474,-0.23619564218715505,-0.2520417803126113,-0.21589130315762037,-0.2272537080856535,-0.15159492158744137,-0.14868094690094874,-0.23395965446466105,-0.2210128245638352,-0.07075910444663315,-0.07058927966247747,-0.22466897493480198,-0.07926965240168694,0.027851132634448585,0.01290165657116807,-0.04850389983644565,-0.14335647902626716,-0.07075910444663315,0.04151246931070969,-0.060424864844154776,-0.2485911772687499,-0.2523119882741622,0.07912798347929284,-0.35922618454912975,-0.16940862168727397,0.21105033511471563,0.32036253251511493,1.0,0.8371819858471733,-0.9681939496647342,-0.29185559343729833,-0.22162812837946522,-0.25308516656258795,-0.6114887684629808,-0.2881276967917912,-0.23314276523567956,-0.2559444710806174,-0.4907437436073293,-0.29397117280855867,-0.6186022222487604,-0.04194412524172577,0.21468830607534997,-0.2555205288633525,-0.2573002047401477,-0.25446301616527817,-0.1057076659173021,-0.25543969173518344,-0.2573254559748976,-0.25459142507657195,-0.10709858982809341,-0.25922532791777414,-0.2586494394371689
0.17030669913588403,-0.21340819279850906,-0.2297419648863903,-0.19396579223581875,-0.2054069556704136,-0.12238898130826908,-0.11985607451415217,-0.21609032980938017,-0.2039440756379525,-0.06994031053681506,-0.06975172663459574,-0.19008542277909452,-0.11339502218259648,0.050994955702199946,0.014239947099497939,-0.063173357875576,-0.13353478990852555,-0.06994031053681506,0.0556763929710562,-0.05277244027838349,-0.21933107324791312,-0.21961091264437,0.04180627200256652,-0.3469933295682617,-0.19600849574390075,0.17085944018490848,0.5762140312952717,0.8371819858471733,1.0,-0.8805918964066193,-0.2697850648090017,-0.204485429035751,-0.23240250893777648,-0.5670335679216064,-0.26043432721687015,-0.21953744270770814,-0.23628467005836548,-0.3669109385632788,-0.30255030212980744,-0.5745747967917352,-0.04238287248758103,0.17889412631538396,-0.19699616725380825,-0.19940912802887886,-0.1980501787154567,-0.07683700561513372,-0.19832341707571105,-0.20091819419529897,-0.19946251852967534,-0.07741704929393371,-0.19596218049273076,-0.19566048168990088
-0.21048684652462876,0.2621750140709773,0.27975151804576187,0.23954553753224617,0.25275980324266406,0.1526928539105485,0.14956523290674648,0.2601918509447113,0.2180214254577315,0.07333997691589364,0.0731333646589111,0.24943229469009168,0.09040410466410073,-0.05123139498472458,-0.02332591888666887,0.04563660588197468,0.1720157045447545,0.07333997691589364,-0.06496483724624078,0.06474545340761825,0.2735267556131127,0.2738226399871507,-0.05164114307720457,0.3992789917548865,0.201183101137634,-0.21090273661666248,-0.27643836909055186,-0.9681939496647342,-0.8805918964066193,1.0,0.31905010628105673,0.24844000110205258,0.2798621460137964,0.6266290244132016,0.31400964225034694,0.2594441990969151,0.2828248722605844,0.4962496728277265,0.33988276210472246,0.6335514244384732,0.03530094476153264,-0.21596403854120985,0.2633922941706321,0.2621873218389798,0.2620516033701573,0.13079707938423657,0.26359409802455724,0.2628673862396594,0.2625333856111836,0.13180821439767618,0.26978544825907297,0.26939358163732924
-0.8567862650948034,0.9924480475565671,0.9875551666860928,0.9838551638753102,0.9752354150740405,-0.06133352955864688,-0.07036883930744856,0.9877999671357789,0.6244716587603969,0.06551830489638762,0.06512682564687489,0.7792660486518738,-0.048233941467837015,-0.14261407551015978,0.13393400132876396,0.2418305662068582,0.5549002178007513,0.06551830489638762,-0.32725825591856816,-0.03394912783770588,0.9804610289404351,0.9713617527094058,-0.0903510307910841,0.45095846199970796,0.41979797195610014,-0.857231956128075,-0.013221103753392374,-0.29185559343729833,-0.2697850648090017,0.31905010628105673,1.0,0.9925893364663894,0.9976583179735619,0.4859145181288868,0.9990885711492139,0.9931742537680917,0.9977433178554839,0.4838079779096858,0.7700469938918835,0.47625893499713157,-0.24398689733917375,-0.865747650179459,0.838714976007076,0.8240966991273662,0.8316460064461154,0.48721141282603664,0.8545271894719503,0.8435605996844889,0.8490930410294872,0.4905438865670362,0.6361739778450635,0.6381489687705724
-0.8581899948256654,0.9936949146878377,0.9875421746849452,0.9888385096695972,0.9791540829138738,-0.08870468862615807,-0.09775447182007482,0.9907066531260518,0.6270594692778816,0.0498491427938749,0.0494715531578795,0.7678252579330223,-0.055542485217536706,-0.14718798001815264,0.1405977888821499,0.235300537271028,0.5369659066844309,0.0498491427938749,-0.3426915710173141,-0.04925220066632042,0.9820867255837973,0.9722887055209817,-0.08412462823546824,0.4163271632288391,0.4004780904159464,-0.8586680309855617,0.010255116740875718,-0.22162812837946522,-0.204485429035751,0.24844000110205258,0.9925893364663894,1.0,0.9976426529929596,0.3827014207329919,0.992772976802049,0.9993248885290056,0.9975460446935082,0.388566799450759,0.7508503040839984,0.37294408177233246,-0.2517624540200101,-0.8681101309830682,0.8308922205264085,0.8160855977017665,0.8237552224983951,0.4861107970372795,0.8474590422338095,0.8363660527576593,0.841973133519717,0.48942791006645836,0.623142949151369,0.6252650604294581
-0.8583128409330705,0.9949089409098566,0.9893445816556508,0.9881074789963159,0.9790690658863146,-0.07292524563170386,-0.08200287129200448,0.9910189739941534,0.6246429759120126,0.056743951893767415,0.05635487695506499,0.776314303668127,-0.05036733466775733,-0.1473749693256238,0.13710303418778236,0.24263601172990404,0.549269059889942,0.056743951893767415,-0.3379030992889073,-0.044555544067373005,0.9835894181377053,0.9740977748451698,-0.08725063618929929,0.4346544483936362,0.41370029945522213,-0.8587711026679734,0.0024101547121028848,-0.25308516656258795,-0.23240250893777648,0.2798621460137964,0.9976583179735619,0.9976426529929596,1.0,0.43716092343649454,0.9976777186996694,0.9976559825764642,0.9998936446340836,0.4404156704500933,0.7612905885298742,0.42719947184766555,-0.2533818245869597,-0.8675731745897352,0.8370306254241658,0.8222880975124582,0.8298585268262874,0.4880881527378047,0.853171677726135,0.8421159099037039,0.8476523129330378,0.4914036414321595,0.6341961381373538,0.6362392218055787
-0.3653785394341376,0.42147658664278587,0.4230838825340671,0.3902067997663842,0.39605656046183396,0.16573321879494599,0.16179096870876752,0.4062351130594602,0.23795512923490172,0.14590096951402043,0.1456156686246366,0.4163830447903835,0.012871614884519223,-0.0660098894707904,0.01308677517874474,0.18085190623857242,0.3833209853261695,0.14590096951402043,-0.03926752519377785,0.08768695904566506,0.41501934783478817,0.41559830658454755,-0.0795671936290186,0.41007675752494144,0.32799957784604233,-0.36531038210517347,-0.1641975689499111,-0.6114887684629808,-0.5670335679216064,0.6266290244132016,0.4859145181288868,0.3827014207329919,0.43716092343649454,1.0,0.4817160648174583,0.3896247985934703,0.43822105697677777,0.9344536792494418,0.46711488809879476,0.9960687474638419,-0.05449914172631227,-0.36174769713859145,0.44948304185413124,0.4467349889574235,0.44791723227547814,0.22478892897872244,0.44862006964259843,0.44670294345960126,0.44751106420027575,0.2261693359808786,0.3766429083452722,0.37628246411147453
-0.8559750820241198,0.9927544818478472,0.9881098960319683,0.9847094159709072,0.9766382143810254,-0.05885422349419399,-0.06791500740824066,0.988558787171152,0.625794484423394,0.05865482800533676,0.05826219552865707,0.7755976006416396,-0.04800608645369516,-0.1479178327706284,0.13371194516101184,0.24025289663110247,0.5539167650066852,0.05865482800533676,-0.32958807722562095,-0.04123780793245247,0.9819092218962333,0.9728869956090268,-0.091328451740044,0.4491563692298899,0.4205291487026268,-0.8564143006626215,-0.005282303648483853,-0.2881276967917912,-0.26043432721687015,0.31400964225034694,0.9990885711492139,0.992772976802049,0.9976777186996694,0.4817160648174583,1.0,0.99318927275945,0.9979282071159916,0.48816603848319207,0.7676519420131355,0.47193406639904073,-0.23237736938255846,-0.8651542466192895,0.8393765922354162,0.8240942358375724,0.831926110368109,0.49136166472777104,0.8551589964692032,0.8435902524865919,0.849377630196061,0.4946903758340424,0.6391114988978303,0.6410892672771614
-0.8563668836364078,0.9939578110065382,0.9881634823349347,0.9895307417700505,0.9798698060526964,-0.08656809022679271,-0.09563310103293837,0.991446084163312,0.6306740945362849,0.04626513736788783,0.045890957372711816,0.7674644932888689,-0.05938220704791498,-0.15046378436318963,0.14310295323333003,0.23186838572065502,0.5382613408814046,0.04626513736788783,-0.3412852221145184,-0.051867478110409385,0.9824908253191793,0.9725256467973775,-0.08263781843283363,0.4161288707699241,0.39963204205994807,-0.8568646402555509,-0.004117092929479467,-0.23314276523567956,-0.21953744270770814,0.2594441990969151,0.9931742537680917,0.9993248885290056,0.9976559825764642,0.3896247985934703,0.99318927275945,1.0,0.9976914238653437,0.38837275473673916,0.7548104312930014,0.3797951430169823,-0.2451302556087957,-0.8668756337490409,0.8310876061989355,0.816670676532888,0.8241353711120827,0.48394012071092607,0.8474817047093568,0.8367263041545989,0.8421566825790063,0.4872892248158837,0.6204184844249938,0.6225236324137923
-0.8583597332799727,0.994696247490983,0.9896689831647805,0.9881635293316958,0.9794447373727684,-0.07036367339806517,-0.07944665783767481,0.9912023077201607,0.626419860925111,0.05416676648150042,0.05377831403639189,0.7763642209990564,-0.04992032751955986,-0.14861148427124338,0.13827266448802963,0.2402454450054466,0.5482356999470779,0.05416676648150042,-0.33683547443833367,-0.04647148276178076,0.9838236059057022,0.9745283578494124,-0.08912419408340562,0.4366602905377954,0.41324810701948417,-0.8588143024047844,-0.0006910605915068386,-0.2559444710806174,-0.23628467005836548,0.2828248722605844,0.9977433178554839,0.9975460446935082,0.9998936446340836,0.43822105697677777,0.9979282071159916,0.9976914238653437,1.0,0.44154628807041524,0.761122369857244,0.4282946570580555,-0.24091174058982254,-0.8678295301279141,0.837018826382029,0.8220676902595817,0.8297336198288953,0.48945231594653293,0.8531778703926972,0.8419351994676084,0.8475568379485574,0.4927607376888548,0.6357302119020659,0.6377640907118478
-0.37338130218480386,0.42932868155055637,0.43139481310035,0.39828317403479335,0.4027230040974428,0.17659047027832908,0.17273931419516317,0.4121836248616157,0.22566837097950154,0.1407710696192117,0.1404696690415842,0.41254179506096966,0.009289511128871514,-0.053928417301241545,-0.009032012232730126,0.18737934587656438,0.3859651550594751,0.1407710696192117,-0.05387369862181321,0.07872098456779028,0.42374005698339423,0.42631929240207067,-0.09978150706784417,0.41526141633383784,0.34043838876848503,-0.37306688473269245,0.011039213824058756,-0.4907437436073293,-0.3669109385632788,0.4962496728277265,0.4838079779096858,0.388566799450759,0.4404156704500933,0.9344536792494418,0.48816603848319207,0.38837275473673916,0.44154628807041524,1.0,0.44124481971482615,0.9291218548224893,-0.027983794438190712,-0.3665802018476675,0.44281219982653347,0.4341065695932149,0.43792156188272086,0.25340356242628387,0.4437895950584659,0.4365863521670742,0.4397129944445147,0.2547469130284853,0.40113720726057345,0.4009131514000405
