index,closePrice,highPrice,lowPrice,openPrice,totalValue,totalVolume,vwap,bcClosePrice,ret,retLog,retVar,retSkr,retKur,retAc,retBc,corrBc,label,label5,retTrackBc,ma5,ma10,maDiff10,priceAmp,sIndicator,index,spread_max,spread_min,spread_mean,spread_std,lastPrice_max,lastPrice_min,lastPrice_mean,lastPrice_std,midPrice_max,midPrice_min,midPrice_mean,midPrice_std,trackError_max,trackError_std,midSpread_z_score_,deal_sum,volumePerDeal_max,volumePerDeal_min,volumePerDeal_mean,volumePerDeal_std,valuePerDeal_max,valuePerDeal_min,valuePerDeal_mean,valuePerDeal_std,volumePerDeal,valuePerDeal
1.0,0.7336175764855065,0.7339294288340509,0.732955715624211,0.7332528835646518,-0.05260853526325949,-0.08526662488162234,0.7330054234286095,0.6497307564705825,-0.018413137585142073,-0.018450768707541233,0.04235166089808378,0.06989637443904263,0.04656412246977562,-0.010389828775843516,-0.04958375886891013,0.2991603170169115,-0.018413137585142073,-0.044683886393703076,0.001988165287666659,0.7343710299184498,0.7350456775154728,-0.05375581252609352,0.0032835170083481448,0.05178353570134311,0.04730573837610008,0.0009171913387905767,-0.03262435488067277,-0.037874693911782824,0.03705994811484776,0.7337701835295444,0.7328071443805639,0.7333315002076424,0.05088262933739518,0.7337221810861196,0.7328674215918382,0.7332529169911605,0.04340617991385016,-0.2501745747063092,0.008762552018316525,-0.01542635246551678,-0.04165684052256719,-0.2147476909058507,-0.21464082947367966,-0.21464491608145875,-0.03769042593502167,-0.004534498341107637,-0.003908817946885447,-0.004136811247174595,-0.019131643083627834,-0.048424548545374875,-0.030184598265471305
0.7336175764855065,1.0,0.9997608146544659,0.9996607456739836,0.9993550509741845,0.04852770482228564,0.004833703461634263,0.9997888548445465,0.8495195975928928,0.00033125261398502995,0.0003388375636274063,-0.0224719330784548,0.01665893095023393,0.031811363287161484,-0.029829347891491696,-0.04208849983073465,0.22101825392195523,0.00033125261398502995,-0.08832662130018006,0.020919151383680206,0.9992232305139443,0.9981850173031168,-0.014404264792389427,-0.040808005269341384,-0.008002383387154989,0.013716805437341733,-0.013300447384475778,0.02349320778254972,0.012566372404203862,-0.02667449644849506,0.9996846947407758,0.9997396666086587,0.9998055241953602,0.020993060255013164,0.9996862304139507,0.9997448925662814,0.9997987703992676,0.015461081646045946,-0.13920338922272665,-0.03723468713036647,0.03637710660274361,0.06383969251098591,-0.0940784335600066,-0.09361569343913471,-0.0937887749553224,-0.02740522012453368,0.18115959977250776,0.18217849678112988,0.18176721800093015,-0.0010071391866755966,-0.025221013987324507,0.0006118784325549883
0.7339294288340509,0.9997608146544659,1.0,0.9996084084749022,0.999661102773013,0.05085625069066687,0.007168464410039884,0.9998798447730066,0.8491115202517846,-0.014600521048587696,-0.014610099426476899,-0.01734608767582894,0.01784065719800248,0.032227749520052265,-0.029846309531106074,-0.05035650325342737,0.22407854822190315,-0.014600521048587696,-0.08736669650632665,0.006958763570797983,0.9993938283412969,0.9983816863573525,-0.01519489591085196,-0.03035198079001015,-0.0003284871953207507,0.009406237860743077,-0.012880295856287808,0.018539472734599494,0.00804377776870837,-0.021829350346075877,0.9995196052444176,0.999463591227262,0.9995821424406018,0.024619970556761735,0.9995287541391751,0.9994780084298858,0.9995836981134039,0.018942673391619494,-0.1408745467286543,-0.0335160313528461,0.039207675301501085,0.060291139283212385,-0.09370763203425239,-0.09330527237991972,-0.09344442588586623,-0.025711626738703204,0.1815520744398026,0.18251135710930894,0.18213356298966882,0.000653395349004922,-0.021812762314063264,0.004023389120332206
0.732955715624211,0.9996607456739836,0.9996084084749022,1.0,0.9997409875064349,0.03921673643869548,-0.004483535869671472,0.9998777039793353,0.8498719375676008,-0.01931613808394115,-0.019290173507730487,-0.03006629247002861,0.01353904913049179,0.03195404623370357,-0.029575487896828352,-0.054220877308814856,0.21699832565133093,-0.01931613808394115,-0.0882792716119237,0.003160935310930755,0.9994696431171675,0.9985337318231648,-0.017487358408081487,-0.05829299792396224,-0.018465314277947127,0.020024288638559304,-0.012078882273885165,0.029666644087179454,0.018405673001325534,-0.03301721601365468,0.9992798847414865,0.9995274136050947,0.9994868865508292,0.014767745626466563,0.9992918668727995,0.9995374008718165,0.9994923035155839,0.009356377270811024,-0.14288388569140614,-0.04359771377999394,0.040516645608622705,0.06972412804414523,-0.09479210916223704,-0.09411953572265153,-0.09440218842518029,-0.03329488790214095,0.18055655125553807,0.18178739535344826,0.1812650361058622,-0.006898707314559101,-0.035280221300333744,-0.009462280831749856
0.7332528835646518,0.9993550509741845,0.999661102773013,0.9997409875064349,1.0,0.04150379563506072,-0.0021628996844148653,0.9997971763756226,0.8491548025534631,-0.03353037211558441,-0.03352143949772713,-0.024501301445069342,0.0150718787783704,0.032202991565805555,-0.029685231132930753,-0.06256409657531269,0.22064136844085558,-0.03353037211558441,-0.08718950676674536,-0.009898212417116284,0.9995630974527069,0.99862918878312,-0.017551754746635964,-0.047142684429659985,-0.010631188979948074,0.015459864240501848,-0.012220236351719156,0.02448109649146017,0.013399531328093026,-0.02780916577417969,0.9990277759282973,0.9991525278937711,0.9991730818166917,0.018756228623955058,0.9990454525274356,0.9991694136915749,0.9991835972827233,0.013180580025570038,-0.14442489992447075,-0.03954646572275424,0.04208262689364027,0.06558257265489786,-0.09455868442145518,-0.09395890544547356,-0.09420406422163667,-0.031239136865000353,0.1807800176352173,0.18193895220152997,0.1814535188474299,-0.00488353232690248,-0.031453320451010174,-0.005650067079048712
-0.05260853526325949,0.04852770482228564,0.05085625069066687,0.03921673643869548,0.04150379563506072,1.0,0.9982906938269869,0.04541073881848656,0.017650540002426586,0.20033781679899823,0.19981092855880123,0.22491552975775836,0.08976885002736326,0.019676268702846292,0.004467688868801149,0.12880994033514234,0.03532675814021977,0.20033781679899823,0.08013928199851274,0.17858797539396812,0.0376312424343721,0.029709740471907713,0.23614504135549183,0.4151112243483343,0.022592577202210837,-0.23957253855014762,0.006012682493693746,-0.11083508971421767,-0.040931506678085726,0.09614025892279225,0.05249094060878649,0.04662694174038364,0.049681147516336205,0.18495894075954317,0.05291229239977374,0.046151870784318136,0.0496967366091738,0.21401775000307238,0.3263266244197979,0.18603121931364971,0.020783095322770003,-0.10417988643704086,0.2848937237002396,0.2741340317614972,0.2798106292932726,0.3530928157611603,0.27819923424273724,0.267271800818701,0.2730409778450724,0.3531566075444676,0.7148887738961579,0.7159608023564803
-0.08526662488162234,0.004833703461634263,0.007168464410039884,-0.004483535869671472,-0.0021628996844148653,0.9982906938269869,1.0,0.0017220390021512163,-0.017977806736309648,0.20105129319910856,0.20052113477961883,0.22659616505570224,0.08925514683336494,0.019058298905175092,0.006081477989640848,0.13098463668113247,0.02782235705264613,0.20105129319910856,0.08380361139428912,0.1783873870284316,-0.006042754289309908,-0.013935912709776637,0.23728612660335413,0.4180890026724054,0.02325339832719678,-0.23928923188981455,0.006420137178780751,-0.11244615870166824,-0.04200003991418297,0.09797804102904166,0.008827190133998665,0.0029240660116046746,0.005990790787325736,0.1855728837477695,0.009254950849822325,0.0024475062831471623,0.006009322027713215,0.2149602740839897,0.3305484790123284,0.18937378389550866,0.020759152961596028,-0.10580945754792911,0.2920701818958589,0.28126918544839086,0.2869566324521826,0.35555605002302987,0.27302015169080424,0.26204033133189425,0.26782389934948136,0.3540292339148031,0.7168637918348807,0.7158660471745091
0.7330054234286095,0.9997888548445465,0.9998798447730066,0.9998777039793353,0.9997971763756226,0.04541073881848656,0.0017220390021512163,1.0,0.8495155768100542,-0.017515341949517076,-0.017507503796610147,-0.023560954557139767,0.01590188232977364,0.03210927587363261,-0.029712889528052303,-0.05261961852835429,0.22032248549439631,-0.017515341949517076,-0.08776999043790516,0.004550043242975775,0.9995009500049217,0.9984947973906216,-0.015379627000345062,-0.04424839617927056,-0.00957378938151227,0.014674924551201831,-0.0125758887345925,0.024401485343186233,0.013574190396113886,-0.027785089071766113,0.999477436827339,0.9995791814773264,0.9996163120676341,0.019498933044784984,0.9994901711923717,0.9995914286853366,0.9996207929674586,0.01405337840747992,-0.14099288990999823,-0.03875018040437784,0.04016919201543821,0.06514582642487306,-0.09365955313976333,-0.09312112619305442,-0.09333205809872287,-0.02941214409002745,0.18161194935451777,0.18270780062040032,0.18225786027786792,-0.003035609725652112,-0.028471837740534568,-0.0026471837077541908
0.6497307564705825,0.8495195975928928,0.8491115202517846,0.8498719375676008,0.8491548025534631,0.017650540002426586,-0.017977806736309648,0.8495155768100542,1.0,-0.00960604813905075,-0.009566182145898388,-0.05166019638709777,-0.03531163162003158,0.04302608195317291,-0.031172731380808172,-0.028595142133797182,0.10124311668786724,-0.00960604813905075,-0.08612372142625109,0.0023670072661473576,0.8493724829377381,0.8491653561154036,-0.03252420944543552,-0.06652707695081213,-0.04139648007538482,0.033468233506868485,-0.010778657242601677,0.02184482000569791,0.010487386784781196,-0.024055794810727442,0.8488993171320236,0.849713064369045,0.8493802837141319,-0.011682581105708474,0.848718088823574,0.8498629761169305,0.8493260048292584,-0.025480123133979682,-0.1860652693560881,-0.06426751722673692,0.01342378554208858,0.10233951366980071,-0.08712740604432544,-0.08600996515057188,-0.08654366873324171,-0.045681607544759764,0.14735176276954534,0.14887167436057536,0.14816875176500008,-0.021158997514505014,-0.05310270114905777,-0.02956931500308406
-0.018413137585142073,0.00033125261398502995,-0.014600521048587696,-0.01931613808394115,-0.03353037211558441,0.20033781679899823,0.20105129319910856,-0.017515341949517076,-0.00960604813905075,1.0,0.9999984490070948,0.04796414065113806,0.030681147072734886,-0.012133203227061842,-0.00844917613670561,0.5868641033774127,-0.0003350697503706824,1.0,-0.02420669433165883,0.9187852187448114,-0.028069997231382458,-0.03122681802106945,0.09607130441340975,0.16728219304567943,0.06898299372038323,-0.04768452718455511,-0.03539183368563395,-0.01470546602387242,-0.012320677422471192,0.02021552794649525,0.0007256563772664199,-0.0009903153252292403,0.00021368908564884097,0.055215799787083755,0.00036030912584738564,-0.0013551465094198837,-0.00027137357512749353,0.05796150699483052,0.15974136436287426,0.05872637788275973,-0.16472976336411024,-0.042379993213176446,0.02841932286146122,0.024747908639089978,0.026648642675521417,0.10666983153246165,0.01984133765981821,0.016086305663995625,0.01804271067111257,0.10677525287457669,0.17435807047240823,0.17417685750520623
-0.018450768707541233,0.0003388375636274063,-0.014610099426476899,-0.019290173507730487,-0.03352143949772713,0.19981092855880123,0.20052113477961883,-0.017507503796610147,-0.009566182145898388,0.9999984490070948,1.0,0.04721500981484961,0.030405023634230473,-0.012220464298677897,-0.008449263815373462,0.5868175333532423,-0.000642729165954387,0.9999984490070948,-0.024241385805643247,0.9188060549073509,-0.02806000940104489,-0.03121500079090421,0.09601591682757309,0.16601303010796797,0.06781861906565258,-0.04729456592450699,-0.03537510948047045,-0.0143831773704024,-0.012030582221324729,0.019900057303243138,0.000729279784223172,-0.0009758590052327126,0.00022280654826101965,0.054870782571684595,0.00036384985769499057,-0.0013407795150680748,-0.00026229718075221033,0.05761277604486919,0.15965767766129593,0.05836478265842537,-0.1647467719423381,-0.04203521956024166,0.028398951948069615,0.024739868144030012,0.02663384578423148,0.10633942325982366,0.019828182202372775,0.01608553984689901,0.01803513506107124,0.10644708721525217,0.17373035772146972,0.17354894647368374
0.04235166089808378,-0.0224719330784548,-0.01734608767582894,-0.03006629247002861,-0.024501301445069342,0.22491552975775836,0.22659616505570224,-0.023560954557139767,-0.05166019638709777,0.04796414065113806,0.04721500981484961,1.0,0.3996382107808568,0.09847820744069839,0.0016268382709804532,0.06107734285485634,0.38191736135721527,0.04796414065113806,0.049135176560278056,0.02801442960997957,-0.027373737054927752,-0.033304456871739836,0.17933233230130363,0.4549854045660069,0.3140025446220564,-0.4978229027641324,0.004034249082740277,-0.2624881904520334,-0.21378011378181638,0.25791570461664837,-0.017987268105419917,-0.027643119000167492,-0.022886185469786553,0.32991474389008946,-0.017683186475681345,-0.027868044525360767,-0.02290801249281928,0.3479752452346021,0.1222665769788609,0.33390809047329556,0.0011291054012608132,-0.4469033504081186,0.019200637694515757,0.005646968801547658,0.0124228886952191,0.37411003041916946,0.0058925221197069924,-0.007715072597911825,-0.0008988701237743615,0.3713726261530424,0.48473928875187355,0.4846860082091251
0.06989637443904263,0.01665893095023393,0.01784065719800248,0.01353904913049179,0.0150718787783704,0.08976885002736326,0.08925514683336494,0.01590188232977364,-0.03531163162003158,0.030681147072734886,0.030405023634230473,0.3996382107808568,1.0,0.17001272271500337,0.003040637500422166,0.024884544576256405,0.1736597431984734,0.030681147072734886,-0.022960308018094046,0.024835622994171476,0.012896578183254898,0.006585252917621404,0.1889239894577612,0.15215497692034138,0.0814966355875389,-0.15487822291933595,-0.014111004153113569,-0.06994032912066218,-0.06382187472572391,0.06955225143326459,0.017696008055755393,0.013950158575729957,0.01581805709615232,0.1334293559766828,0.017775712931923437,0.013625444773892612,0.015598123847944914,0.14392189958555796,0.12519061595675593,0.13319742860068787,-0.07014060915864215,-0.16617517150353364,-0.03396559183207978,-0.03900825986609893,-0.036558694032693594,0.12943948740876096,-0.03604200932142912,-0.04113993125768213,-0.03864658621969157,0.1306844125308251,0.18232522636622284,0.1828478479201365
0.04656412246977562,0.031811363287161484,0.032227749520052265,0.03195404623370357,0.032202991565805555,0.019676268702846292,0.019058298905175092,0.03210927587363261,0.04302608195317291,-0.012133203227061842,-0.012220464298677897,0.09847820744069839,0.17001272271500337,1.0,0.034905595540261805,0.005007934971765576,0.09741880679911158,-0.012133203227061842,0.01149362895456959,-0.017060981463998422,0.032265479550787526,0.0325458215134361,-0.009889693964271069,0.00902474979401694,-0.0221725822440626,-0.016002787342292605,-0.04421878708768392,0.004807206331942376,-0.0059084980939772555,-0.0012350609665213053,0.03215502086449325,0.031701427615455975,0.03203935758889516,0.02201317426767926,0.03242012309246435,0.031639143388499345,0.03204549094818843,0.029870615627706713,0.028058569872284354,0.02105035903574388,0.011878432338070823,0.01256740860790743,0.013251253269771113,0.014240141988467722,0.013734030522315185,-0.024904636562094715,0.018959145943970204,0.01996892381323545,0.019455014209597006,-0.0244680262084231,-0.027915660117656678,-0.027682120006082483
-0.010389828775843516,-0.029829347891491696,-0.029846309531106074,-0.029575487896828352,-0.029685231132930753,0.004467688868801149,0.006081477989640848,-0.029712889528052303,-0.031172731380808172,-0.00844917613670561,-0.008449263815373462,0.0016268382709804532,0.003040637500422166,0.034905595540261805,1.0,-0.007836112692518491,0.019045576021895466,-0.00844917613670561,-0.011153739252062343,-0.006360022358350495,-0.028952794694842698,-0.028342952171701914,-0.01699127762441673,-0.007223104991783517,-0.005708317795751293,0.011526067204954577,-0.006088586254283531,0.004444827921843096,-0.007844810379162077,0.004730717818673263,-0.030328438929102655,-0.02971290541878675,-0.030083116931786523,-0.016530217297412553,-0.030369441891316632,-0.02986009340439089,-0.030048769917054324,-0.01644777173811619,0.019391690544950404,-0.015394901247676873,0.01113051373306465,0.002107924856462589,-0.01103996591801762,-0.01120059859956133,-0.011102484429899829,0.006190670732023335,-0.020792138866046753,-0.021005686785302857,-0.020885304303405877,0.006372958256586446,0.012743673476287095,0.011598467680170319
-0.04958375886891013,-0.04208849983073465,-0.05035650325342737,-0.054220877308814856,-0.06256409657531269,0.12880994033514234,0.13098463668113247,-0.05261961852835429,-0.028595142133797182,0.5868641033774127,0.5868175333532423,0.06107734285485634,0.024884544576256405,0.005007934971765576,-0.007836112692518491,1.0,0.00970138067968549,0.5868641033774127,0.04737846869318195,0.21957241639653982,-0.06210136957688555,-0.06478326674981358,0.08336293822974625,0.1400170701305092,0.07221960118167481,-0.05052424446643453,-0.008824310304354207,-0.0019858713997642054,-0.009264466628250291,0.007338931619514667,-0.040096817781088846,-0.04095975083607539,-0.04014833757488399,0.0240764658662938,-0.04014108011087692,-0.04116547140548576,-0.0404705016304397,0.030762650526543728,0.12253424457607476,0.024287414179777967,-0.12171747383292615,-0.048021910480509036,0.03323494442386306,0.030519428892817464,0.032045214730564944,0.08266905657086347,0.015800772811778753,0.01302815300425051,0.01459479719648021,0.08092666681001164,0.11286546663457768,0.11127649180689302
0.2991603170169115,0.22101825392195523,0.22407854822190315,0.21699832565133093,0.22064136844085558,0.03532675814021977,0.02782235705264613,0.22032248549439631,0.10124311668786724,-0.0003350697503706824,-0.000642729165954387,0.38191736135721527,0.1736597431984734,0.09741880679911158,0.019045576021895466,0.00970138067968549,1.0,-0.0003350697503706824,0.016177772775629814,-0.00513358427879984,0.22072609676517482,0.2202339319733681,0.004710091834389259,0.24602732374414565,0.21097305526478138,-0.5216553524467956,-0.011392750226401268,-0.1945891240550752,-0.16900225492688445,0.20154496162964766,0.22409426567046636,0.217176140643694,0.22056197929038748,0.2501269949412665,0.22421573484800128,0.21723605708276317,0.22066529756004782,0.24899449117333888,-0.05241107667538782,0.24069813834537335,0.052426457014367864,-0.4928182813404889,-0.10723477205412495,-0.1157609614917754,-0.11149329845967172,0.22441816800776795,-0.04458930335712449,-0.052840268291074174,-0.04869109573676747,0.22584376645106116,0.2478667593133632,0.24811621587847638
-0.018413137585142073,0.00033125261398502995,-0.014600521048587696,-0.01931613808394115,-0.03353037211558441,0.20033781679899823,0.20105129319910856,-0.017515341949517076,-0.00960604813905075,1.0,0.9999984490070948,0.04796414065113806,0.030681147072734886,-0.012133203227061842,-0.00844917613670561,0.5868641033774127,-0.0003350697503706824,1.0,-0.02420669433165883,0.9187852187448114,-0.028069997231382458,-0.03122681802106945,0.09607130441340975,0.16728219304567943,0.06898299372038323,-0.04768452718455511,-0.03539183368563395,-0.01470546602387242,-0.012320677422471192,0.02021552794649525,0.0007256563772664199,-0.0009903153252292403,0.00021368908564884097,0.055215799787083755,0.00036030912584738564,-0.0013551465094198837,-0.00027137357512749353,0.05796150699483052,0.15974136436287426,0.05872637788275973,-0.16472976336411024,-0.042379993213176446,0.02841932286146122,0.024747908639089978,0.026648642675521417,0.10666983153246165,0.01984133765981821,0.016086305663995625,0.01804271067111257,0.10677525287457669,0.17435807047240823,0.17417685750520623
-0.044683886393703076,-0.08832662130018006,-0.08736669650632665,-0.0882792716119237,-0.08718950676674536,0.08013928199851274,0.08380361139428912,-0.08776999043790516,-0.08612372142625109,-0.02420669433165883,-0.024241385805643247,0.049135176560278056,-0.022960308018094046,0.01149362895456959,-0.011153739252062343,0.04737846869318195,0.016177772775629814,-0.02420669433165883,1.0,-0.052265950153684466,-0.08760231170189071,-0.08872159557955474,0.03760504174765478,0.03606791120481628,-0.015142400763315553,-0.104352408490401,0.002354541416369815,-0.04359466992274014,-0.017831538110672472,0.03339879616942802,-0.07938548285826792,-0.08189229582617605,-0.08104747868713298,0.08398645651018291,-0.07937112103875021,-0.08188189674378338,-0.0809219525433511,0.08616148216733416,0.020782912007061935,0.07032525902166792,0.02630160221293688,-0.09991565953103228,0.05811626228205487,0.05284671195711026,0.055333895108550066,0.15748719354872415,0.03474568422566649,0.02947478590130726,0.03195542397373094,0.1528846379357864,0.1524922560674271,0.14922901253021736
0.001988165287666659,0.020919151383680206,0.006958763570797983,0.003160935310930755,-0.009898212417116284,0.17858797539396812,0.1783873870284316,0.004550043242975775,0.0023670072661473576,0.9187852187448114,0.9188060549073509,0.02801442960997957,0.024835622994171476,-0.017060981463998422,-0.006360022358350495,0.21957241639653982,-0.00513358427879984,0.9187852187448114,-0.052265950153684466,1.0,-0.003544564919026202,-0.006040697897999726,0.07511389748877056,0.1332950247910742,0.047907858496784354,-0.032822627772562056,-0.038341646577905016,-0.016750527809893487,-0.01032843763545535,0.020779787843443427,0.020423337590996016,0.018776468516118895,0.019831582475096893,0.054791588620256515,0.020004707748088386,0.01843717858615589,0.019404196114821172,0.05484009878381734,0.1327326804106272,0.05891866436604195,-0.13914145281629686,-0.02765115364318395,0.018039140957269585,0.014939360855846084,0.016485681161130437,0.08822244236607385,0.01620339776573381,0.013030706851935416,0.014624185264873432,0.08919895814116585,0.15505842255622182,0.1556147738255588
0.7343710299184498,0.9992232305139443,0.9993938283412969,0.9994696431171675,0.9995630974527069,0.0376312424343721,-0.006042754289309908,0.9995009500049217,0.8493724829377381,-0.028069997231382458,-0.02806000940104489,-0.027373737054927752,0.012896578183254898,0.032265479550787526,-0.028952794694842698,-0.06210136957688555,0.22072609676517482,-0.028069997231382458,-0.08760231170189071,-0.003544564919026202,1.0,0.999445767260223,-0.028972339076895517,-0.047047168976348565,-0.009769108421440227,0.01724960851520313,-0.012625696334449037,0.023752040555089858,0.012562964134937767,-0.027007921438384885,0.9989044633497437,0.99902940781667,0.9990471867659306,0.01876030828589404,0.9989125753344965,0.9990535747753884,0.9990604063202616,0.012744733215617865,-0.15017484570094994,-0.0395506728832643,0.04333787663301703,0.06694168507767248,-0.09607051131033258,-0.09541532163900485,-0.09568431492144347,-0.033248178323769764,0.17955799094826028,0.18077264871835594,0.180263495192474,-0.006849500036847535,-0.03513216014900872,-0.009325256003874814
0.7350456775154728,0.9981850173031168,0.9983816863573525,0.9985337318231648,0.99862918878312,0.029709740471907713,-0.013935912709776637,0.9984947973906216,0.8491653561154036,-0.03122681802106945,-0.03121500079090421,-0.033304456871739836,0.006585252917621404,0.0325458215134361,-0.028342952171701914,-0.06478326674981358,0.2202339319733681,-0.03122681802106945,-0.08872159557955474,-0.006040697897999726,0.999445767260223,1.0,-0.06223131917101333,-0.04978000401469809,-0.008930653236968804,0.02162154122829805,-0.012436378469908953,0.024870878227221355,0.012904650188713238,-0.02797527050777871,0.99784433023512,0.9980404928377551,0.99801137468388,0.016472684892920933,0.997846088327329,0.9980679643749163,0.9980323502176459,0.010026256955907987,-0.16273367808479172,-0.0418969089692271,0.04554280827280054,0.07067229849273891,-0.09873247222011826,-0.09790201648652717,-0.09825881649772568,-0.03880525420488463,0.17728791455497248,0.17868082620764308,0.17808225133779143,-0.012400511362794481,-0.042919342898520355,-0.017111851158507278
-0.05375581252609352,-0.014404264792389427,-0.01519489591085196,-0.017487358408081487,-0.017551754746635964,0.23614504135549183,0.23728612660335413,-0.015379627000345062,-0.03252420944543552,0.09607130441340975,0.09601591682757309,0.17933233230130363,0.1889239894577612,-0.009889693964271069,-0.01699127762441673,0.08336293822974625,0.004710091834389259,0.09607130441340975,0.03760504174765478,0.07511389748877056,-0.028972339076895517,-0.06223131917101333,1.0,0.08420577705731022,-0.024730959614043785,-0.13206430743939868,-0.0051087959575562844,-0.034679147131186326,-0.010832973572447703,0.03027886382017834,-0.013731528165191006,-0.015875718056517343,-0.01446833414135474,0.06783548593270695,-0.01354110774733603,-0.015976048094158122,-0.014701828514995267,0.08104724533461918,0.38395837729378274,0.07225529321329952,-0.06818504896465087,-0.11507387758365825,0.0843137898189207,0.07902113142405864,0.08167000321905706,0.16838076126274548,0.059973895331001614,0.054566000822635734,0.057274309986995696,0.1669944971411478,0.23543085775264677,0.23423604560040323
0.0032835170083481448,-0.040808005269341384,-0.03035198079001015,-0.05829299792396224,-0.047142684429659985,0.4151112243483343,0.4180890026724054,-0.04424839617927056,-0.06652707695081213,0.16728219304567943,0.16601303010796797,0.4549854045660069,0.15215497692034138,0.00902474979401694,-0.007223104991783517,0.1400170701305092,0.24602732374414565,0.16728219304567943,0.03606791120481628,0.1332950247910742,-0.047047168976348565,-0.04978000401469809,0.08420577705731022,1.0,0.6480486224904365,-0.3804950273569961,-0.02744604514543778,-0.3988339846147998,-0.37030615550739643,0.4009575208232883,-0.03578347056205448,-0.04663541955834383,-0.04095285207444013,0.3513426620690094,-0.03587566887940318,-0.046483548481644085,-0.04108706610084909,0.3424537883228116,0.0789517064190232,0.3625492506630818,-0.04711938121584558,-0.3397962954359354,0.044791852985216575,0.03509362224659289,0.040236610786415786,0.27337549953722856,0.029271444926226634,0.019510490235901404,0.024696631244381012,0.27078359475280284,0.48288286897644755,0.4818181584784826
0.05178353570134311,-0.008002383387154989,-0.0003284871953207507,-0.018465314277947127,-0.010631188979948074,0.022592577202210837,0.02325339832719678,-0.00957378938151227,-0.04139648007538482,0.06898299372038323,0.06781861906565258,0.3140025446220564,0.0814966355875389,-0.0221725822440626,-0.005708317795751293,0.07221960118167481,0.21097305526478138,0.06898299372038323,-0.015142400763315553,0.047907858496784354,-0.009769108421440227,-0.008930653236968804,-0.024730959614043785,0.6480486224904365,1.0,-0.22754978915947524,-0.030989411396531438,-0.21763119553913612,-0.22601286795833012,0.2257279885349845,-0.005672322972823826,-0.011652123975319076,-0.008517353098527997,0.19821488804868206,-0.0058570442873380705,-0.011528362519149444,-0.00866457604734313,0.18955303018011443,-0.04342484381985264,0.20471366123848675,-0.058359596202928014,-0.24583464312172,-0.07028879974772402,-0.0744669363748605,-0.07220782803346115,0.09827351532598501,-0.06906844183855142,-0.07320876407954281,-0.07096130686614145,0.09700666102371097,0.1397253244347637,0.13948735394477588
0.04730573837610008,0.013716805437341733,0.009406237860743077,0.020024288638559304,0.015459864240501848,-0.23957253855014762,-0.23928923188981455,0.014674924551201831,0.033468233506868485,-0.04768452718455511,-0.04729456592450699,-0.4978229027641324,-0.15487822291933595,-0.016002787342292605,0.011526067204954577,-0.05052424446643453,-0.5216553524467956,-0.04768452718455511,-0.104352408490401,-0.032822627772562056,0.01724960851520313,0.02162154122829805,-0.13206430743939868,-0.3804950273569961,-0.22754978915947524,1.0,0.003835021784596477,0.305525773594717,0.24295943967671713,-0.30694978034214465,0.007984771967600285,0.018474222631265153,0.013229524614523584,-0.3536897609660348,0.00782124578280081,0.01857212415273522,0.013209273639947018,-0.3648315504070351,-0.17505253053428432,-0.35550926222338664,-0.013705970121110815,0.8278541894535646,-0.1912169260222001,-0.17570031961026333,-0.18359016516500817,-0.46411653754755744,-0.18122342939747368,-0.16562472276118356,-0.17355554239459675,-0.46090521766203746,-0.5352295014300921,-0.5347634981937424
0.0009171913387905767,-0.013300447384475778,-0.012880295856287808,-0.012078882273885165,-0.012220236351719156,0.006012682493693746,0.006420137178780751,-0.0125758887345925,-0.010778657242601677,-0.03539183368563395,-0.03537510948047045,0.004034249082740277,-0.014111004153113569,-0.04421878708768392,-0.006088586254283531,-0.008824310304354207,-0.011392750226401268,-0.03539183368563395,0.002354541416369815,-0.038341646577905016,-0.012625696334449037,-0.012436378469908953,-0.0051087959575562844,-0.02744604514543778,-0.030989411396531438,0.003835021784596477,1.0,0.02680929874683781,0.08824007919643888,-0.017959384825894795,-0.012788842685144587,-0.01240340897688338,-0.012620135400296889,-0.024391338227219648,-0.012551712170401396,-0.012691701450930699,-0.012684207412398672,0.0019504342089206625,0.014185463434872541,-0.023613335161699014,-0.012780500627501159,0.011834940262948453,-0.022392968022834584,-0.022761462610126806,-0.02263168263687673,0.007200377776671356,-0.027250908384715403,-0.027629097000337513,-0.027496084581612963,0.006888869315540272,0.005642586480897376,0.005414312867052008
-0.03262435488067277,0.02349320778254972,0.018539472734599494,0.029666644087179454,0.02448109649146017,-0.11083508971421767,-0.11244615870166824,0.024401485343186233,0.02184482000569791,-0.01470546602387242,-0.0143831773704024,-0.2624881904520334,-0.06994032912066218,0.004807206331942376,0.004444827921843096,-0.0019858713997642054,-0.1945891240550752,-0.01470546602387242,-0.04359466992274014,-0.016750527809893487,0.023752040555089858,0.024870878227221355,-0.034679147131186326,-0.3988339846147998,-0.21763119553913612,0.305525773594717,0.02680929874683781,1.0,0.8390247874022139,-0.964936685574604,0.015000555936848485,0.03164981422462678,0.023195954957580034,-0.5688338241927011,0.016161268846506913,0.030701525550310152,0.02349185121284387,-0.4836993864577706,-0.0042743673943549275,-0.5787973673736466,0.060340665619121284,0.28500689367628507,-0.0033929519134407466,0.0034845470328118554,-0.00013546164890917205,-0.2000028355962629,0.002580441102693641,0.009508761305782754,0.005858883539756219,-0.1992914808115127,-0.22094939094152644,-0.2209161297961054
-0.037874693911782824,0.012566372404203862,0.00804377776870837,0.018405673001325534,0.013399531328093026,-0.040931506678085726,-0.04200003991418297,0.013574190396113886,0.010487386784781196,-0.012320677422471192,-0.012030582221324729,-0.21378011378181638,-0.06382187472572391,-0.0059084980939772555,-0.007844810379162077,-0.009264466628250291,-0.16900225492688445,-0.012320677422471192,-0.017831538110672472,-0.01032843763545535,0.012562964134937767,0.012904650188713238,-0.010832973572447703,-0.37030615550739643,-0.22601286795833012,0.24295943967671713,0.08824007919643888,0.8390247874022139,1.0,-0.8975359402915852,0.006068109294850224,0.02023015696930518,0.012868511296237912,-0.5025484924526952,0.0075031297458283495,0.01900190022854666,0.013258017477855578,-0.37560511315854894,0.03986194214758174,-0.5122434264076775,0.07007780955344377,0.24721024575925798,0.01843733193834492,0.023343931199535588,0.020629169319799242,-0.13843080582854958,0.018618648006818297,0.023549953486757234,0.02081948861163387,-0.13835413471542263,-0.15013274900145213,-0.1507216786660219
0.03705994811484776,-0.02667449644849506,-0.021829350346075877,-0.03301721601365468,-0.02780916577417969,0.09614025892279225,0.09797804102904166,-0.027785089071766113,-0.024055794810727442,0.02021552794649525,0.019900057303243138,0.25791570461664837,0.06955225143326459,-0.0012350609665213053,0.004730717818673263,0.007338931619514667,0.20154496162964766,0.02021552794649525,0.03339879616942802,0.020779787843443427,-0.027007921438384885,-0.02797527050777871,0.03027886382017834,0.4009575208232883,0.2257279885349845,-0.30694978034214465,-0.017959384825894795,-0.964936685574604,-0.8975359402915852,1.0,-0.01835941265358733,-0.03502618199887752,-0.026546225989038386,0.5749322740805763,-0.0196345889711889,-0.03401050894246759,-0.026876612427879323,0.4804844403762095,-0.007363335201722102,0.5859508841548614,-0.0689849584025329,-0.2929300837785561,-0.0009442080105997272,-0.007540426998034542,-0.004060274099015814,0.19097432051539392,-0.0070244221526895075,-0.013668626277587696,-0.010159788878475006,0.19029665477041885,0.212133126535145,0.21204006084853208
0.7337701835295444,0.9996846947407758,0.9995196052444176,0.9992798847414865,0.9990277759282973,0.05249094060878649,0.008827190133998665,0.999477436827339,0.8488993171320236,0.0007256563772664199,0.000729279784223172,-0.017987268105419917,0.017696008055755393,0.03215502086449325,-0.030328438929102655,-0.040096817781088846,0.22409426567046636,0.0007256563772664199,-0.07938548285826792,0.020423337590996016,0.9989044633497437,0.99784433023512,-0.013731528165191006,-0.03578347056205448,-0.005672322972823826,0.007984771967600285,-0.012788842685144587,0.015000555936848485,0.006068109294850224,-0.01835941265358733,1.0,0.9996242731489492,0.9998873135466334,0.03635114071096568,0.9999783356595525,0.9996262442154693,0.999884419467985,0.030511602392858148,-0.1361916514824394,-0.022604717813397686,0.03770010508889371,0.059082414385027544,-0.09278622010484384,-0.09255157553586224,-0.0926106611725406,-0.020588857363091767,0.18234017455939625,0.18312821632961665,0.18283223865882903,0.005827000199839818,-0.019805459512810347,0.006014364146257455
0.7328071443805639,0.9997396666086587,0.999463591227262,0.9995274136050947,0.9991525278937711,0.04662694174038364,0.0029240660116046746,0.9995791814773264,0.849713064369045,-0.0009903153252292403,-0.0009758590052327126,-0.027643119000167492,0.013950158575729957,0.031701427615455975,-0.02971290541878675,-0.04095975083607539,0.217176140643694,-0.0009903153252292403,-0.08189229582617605,0.018776468516118895,0.99902940781667,0.9980404928377551,-0.015875718056517343,-0.04663541955834383,-0.011652123975319076,0.018474222631265153,-0.01240340897688338,0.03164981422462678,0.02023015696930518,-0.03502618199887752,0.9996242731489492,1.0,0.999886976601173,0.010072390548400964,0.9996290895546359,0.9999777730813738,0.9998886654129184,0.004997858113296511,-0.13893899596455864,-0.048707605010723375,0.03877369332749709,0.06837170340494642,-0.09380933081865281,-0.09321008232542011,-0.09345699423005825,-0.03130982536048947,0.18140772951734385,0.1825634343614192,0.1820781110804402,-0.004908961303661832,-0.02913588710232485,-0.0033075530369884735
0.7333315002076424,0.9998055241953602,0.9995821424406018,0.9994868865508292,0.9991730818166917,0.049681147516336205,0.005990790787325736,0.9996163120676341,0.8493802837141319,0.00021368908564884097,0.00022280654826101965,-0.022886185469786553,0.01581805709615232,0.03203935758889516,-0.030083116931786523,-0.04014833757488399,0.22056197929038748,0.00021368908564884097,-0.08104747868713298,0.019831582475096893,0.9990471867659306,0.99801137468388,-0.01446833414135474,-0.04095285207444013,-0.008517353098527997,0.013229524614523584,-0.012620135400296889,0.023195954957580034,0.012868511296237912,-0.026546225989038386,0.9998873135466334,0.999886976601173,1.0,0.023204568378081387,0.9998904254271672,0.9998889247856476,0.9999968763443285,0.01770606502713682,-0.13750483386371662,-0.035637421741548936,0.03741362992071869,0.06367470654147409,-0.09337684483252064,-0.09296073626893338,-0.09311199091356391,-0.025935851501187133,0.18181430328204565,0.18278547152274993,0.18239659841131728,0.00047055846930037134,-0.024369134076947616,0.0014570058011385183
0.05088262933739518,0.020993060255013164,0.024619970556761735,0.014767745626466563,0.018756228623955058,0.18495894075954317,0.1855728837477695,0.019498933044784984,-0.011682581105708474,0.055215799787083755,0.054870782571684595,0.32991474389008946,0.1334293559766828,0.02201317426767926,-0.016530217297412553,0.0240764658662938,0.2501269949412665,0.055215799787083755,0.08398645651018291,0.054791588620256515,0.01876030828589404,0.016472684892920933,0.06783548593270695,0.3513426620690094,0.19821488804868206,-0.3536897609660348,-0.024391338227219648,-0.5688338241927011,-0.5025484924526952,0.5749322740805763,0.03635114071096568,0.010072390548400964,0.023204568378081387,1.0,0.03584390761014779,0.010467007014642635,0.023022408640050465,0.9601235373767131,0.09547616161574363,0.9914175094754554,-0.042334023368956135,-0.31602004763174957,0.027372917094736996,0.014608507049013394,0.02125530463851573,0.3766805906095957,0.030680731144536778,0.01781226231068705,0.024513669108563244,0.37818997845763885,0.30461939762922635,0.3047870197552219
0.7337221810861196,0.9996862304139507,0.9995287541391751,0.9992918668727995,0.9990454525274356,0.05291229239977374,0.009254950849822325,0.9994901711923717,0.848718088823574,0.00036030912584738564,0.00036384985769499057,-0.017683186475681345,0.017775712931923437,0.03242012309246435,-0.030369441891316632,-0.04014108011087692,0.22421573484800128,0.00036030912584738564,-0.07937112103875021,0.020004707748088386,0.9989125753344965,0.997846088327329,-0.01354110774733603,-0.03587566887940318,-0.0058570442873380705,0.00782124578280081,-0.012551712170401396,0.016161268846506913,0.0075031297458283495,-0.0196345889711889,0.9999783356595525,0.9996290895546359,0.9998904254271672,0.03584390761014779,1.0,0.9996312513294406,0.9998916730538839,0.030854498104141925,-0.13589171652293022,-0.023135949357444136,0.039135171530038336,0.05895913841910567,-0.09247760610499035,-0.09225352959972113,-0.09230661334014093,-0.020267234296965034,0.18262496965107508,0.18340243559154176,0.18311244308410504,0.006140369873767441,-0.01943859935335939,0.006378276739521249
0.7328674215918382,0.9997448925662814,0.9994780084298858,0.9995374008718165,0.9991694136915749,0.046151870784318136,0.0024475062831471623,0.9995914286853366,0.8498629761169305,-0.0013551465094198837,-0.0013407795150680748,-0.027868044525360767,0.013625444773892612,0.031639143388499345,-0.02986009340439089,-0.04116547140548576,0.21723605708276317,-0.0013551465094198837,-0.08188189674378338,0.01843717858615589,0.9990535747753884,0.9980679643749163,-0.015976048094158122,-0.046483548481644085,-0.011528362519149444,0.01857212415273522,-0.012691701450930699,0.030701525550310152,0.01900190022854666,-0.03401050894246759,0.9996262442154693,0.9999777730813738,0.9998889247856476,0.010467007014642635,0.9996312513294406,1.0,0.9998936348086199,0.004566931738475456,-0.13941950521159452,-0.04828183562649348,0.0400065164629514,0.06833779108290428,-0.09384951948845148,-0.09323815180637333,-0.09349225941492677,-0.03165569074825903,0.18139788314739236,0.182566166964211,0.18207336071695487,-0.005261203346224467,-0.029469695800673323,-0.003641441605742863
0.7332529169911605,0.9997987703992676,0.9995836981134039,0.9994923035155839,0.9991835972827233,0.0496967366091738,0.006009322027713215,0.9996207929674586,0.8493260048292584,-0.00027137357512749353,-0.00026229718075221033,-0.02290801249281928,0.015598123847944914,0.03204549094818843,-0.030048769917054324,-0.0404705016304397,0.22066529756004782,-0.00027137357512749353,-0.0809219525433511,0.019404196114821172,0.9990604063202616,0.9980323502176459,-0.014701828514995267,-0.04108706610084909,-0.00866457604734313,0.013209273639947018,-0.012684207412398672,0.02349185121284387,0.013258017477855578,-0.026876612427879323,0.999884419467985,0.9998886654129184,0.9999968763443285,0.023022408640050465,0.9998916730538839,0.9998936348086199,1.0,0.017584726291112896,-0.1376533073318689,-0.03583646612034269,0.03963570641696663,0.06371596955268419,-0.0931479091892864,-0.09272971360217991,-0.09288228959238347,-0.02596501891670641,0.18205112191457992,0.18302450052784722,0.182634234319869,0.00043685416265604605,-0.024375296369912158,0.001447237067999153
